 1.55920E+03
 1.56030E+03
 1.55820E+03
 1.55840E+03
 1.55990E+03
 1.55930E+03
 1.56080E+03
 1.56120E+03
 1.56190E+03
 1.56160E+03
 1.55980E+03
 1.56110E+03
 1.55890E+03
 1.55980E+03
 1.55990E+03
 1.56150E+03
 1.55950E+03
 1.55880E+03
 1.56060E+03
 1.56160E+03
 1.55900E+03
 1.56060E+03
 1.55770E+03
 1.55890E+03
 1.55980E+03
 1.56040E+03
 1.56030E+03
 1.56020E+03
 1.56070E+03
 1.56120E+03
 1.55780E+03
 1.55980E+03
 1.55990E+03
 1.55990E+03
 1.56260E+03
 1.56070E+03
 1.56010E+03
 1.56050E+03
 1.56220E+03
 1.56070E+03
 1.55970E+03
 1.55820E+03
 1.56110E+03
 1.56100E+03
 1.56180E+03
 1.55900E+03
 1.55950E+03
 1.56110E+03
 1.56180E+03
 1.55940E+03
 1.56100E+03
 1.56020E+03
 1.55850E+03
 1.56100E+03
 1.55740E+03
 1.56150E+03
 1.55890E+03
 1.56060E+03
 1.55910E+03
 1.56060E+03
 1.56020E+03
 1.56060E+03
 1.56030E+03
 1.55910E+03
 1.55990E+03
 1.56050E+03
 1.55920E+03
 1.55810E+03
 1.56040E+03
 1.55880E+03
 1.55970E+03
 1.56070E+03
 1.55900E+03
 1.55810E+03
 1.55970E+03
 1.56060E+03
 1.56170E+03
 1.56200E+03
 1.55990E+03
 1.56110E+03
 1.55950E+03
 1.56060E+03
 1.56110E+03
 1.56060E+03
 1.55820E+03
 1.55940E+03
 1.55860E+03
 1.56100E+03
 1.55980E+03
 1.55960E+03
 1.55990E+03
 1.55950E+03
 1.56010E+03
 1.56060E+03
 1.56240E+03
 1.55790E+03
 1.56080E+03
 1.56010E+03
 1.56000E+03
 1.55980E+03
 1.55950E+03
 1.55980E+03
 1.56040E+03
 1.55990E+03
 1.56140E+03
 1.56020E+03
 1.56180E+03
 1.56070E+03
 1.55970E+03
 1.55820E+03
 1.55950E+03
 1.56100E+03
 1.55900E+03
 1.56220E+03
 1.56000E+03
 1.56010E+03
 1.56110E+03
 1.56020E+03
 1.55990E+03
 1.56330E+03
 1.56060E+03
 1.55960E+03
 1.55910E+03
 1.55960E+03
 1.56050E+03
 1.56110E+03
 1.55880E+03
 1.56060E+03
 1.55810E+03
 1.56160E+03
 1.55960E+03
 1.56080E+03
 1.56160E+03
 1.55930E+03
 1.55950E+03
 1.55860E+03
 1.56060E+03
 1.55880E+03
 1.56190E+03
 1.55960E+03
 1.56030E+03
 1.55930E+03
 1.55950E+03
 1.55910E+03
 1.55910E+03
 1.55930E+03
 1.56260E+03
 1.56060E+03
 1.56090E+03
 1.55960E+03
 1.56080E+03
 1.56060E+03
 1.55970E+03
 1.55860E+03
 1.56040E+03
 1.55840E+03
 1.56030E+03
 1.56000E+03
 1.55960E+03
 1.56070E+03
 1.55950E+03
 1.55970E+03
 1.55930E+03
 1.56150E+03
 1.55930E+03
 1.56110E+03
 1.56080E+03
 1.55920E+03
 1.55860E+03
 1.56020E+03
 1.56040E+03
 1.56050E+03
 1.55950E+03
 1.56040E+03
 1.55890E+03
 1.56270E+03
 1.55800E+03
 1.55910E+03
 1.56040E+03
 1.55980E+03
 1.56020E+03
 1.56130E+03
 1.56110E+03
 1.55980E+03
 1.56190E+03
 1.56170E+03
 1.56050E+03
 1.56000E+03
 1.55900E+03
 1.56040E+03
 1.56180E+03
 1.56120E+03
 1.56000E+03
 1.56140E+03
 1.55980E+03
 1.56330E+03
 1.56180E+03
 1.56040E+03
 1.56090E+03
 1.55990E+03
 1.56120E+03
 1.56030E+03
 1.56080E+03
 1.55770E+03
 1.55940E+03
 1.56240E+03
 1.55910E+03
 1.56010E+03
 1.55980E+03
 1.56190E+03
 1.56090E+03
 1.56020E+03
 1.55930E+03
 1.56140E+03
 1.55960E+03
 1.56090E+03
 1.55880E+03
 1.55960E+03
 1.56000E+03
 1.56250E+03
 1.55940E+03
 1.56040E+03
 1.56020E+03
 1.56050E+03
 1.56240E+03
 1.55910E+03
 1.56050E+03
 1.55950E+03
 1.56010E+03
 1.56090E+03
 1.55990E+03
 1.56090E+03
 1.55980E+03
 1.56010E+03
 1.55900E+03
 1.56170E+03
 1.55910E+03
 1.55940E+03
 1.55930E+03
 1.56130E+03
 1.55930E+03
 1.55890E+03
 1.56070E+03
 1.56150E+03
 1.56190E+03
 1.56000E+03
 1.55870E+03
 1.56090E+03
 1.56020E+03
 1.56240E+03
 1.56000E+03
 1.56040E+03
 1.56140E+03
 1.55910E+03
 1.56100E+03
 1.56030E+03
 1.56030E+03
 1.56110E+03
 1.56120E+03
 1.56200E+03
 1.55970E+03
 1.56040E+03
 1.55990E+03
 1.56120E+03
 1.56140E+03
 1.56080E+03
 1.55990E+03
 1.55990E+03
 1.55890E+03
 1.55930E+03
 1.56120E+03
 1.56110E+03
 1.56050E+03
 1.55930E+03
 1.56100E+03
 1.56100E+03
 1.55970E+03
 1.56000E+03
 1.56020E+03
 1.55930E+03
 1.56000E+03
 1.56080E+03
 1.56030E+03
 1.56180E+03
 1.55910E+03
 1.56230E+03
 1.56020E+03
 1.56080E+03
 1.55930E+03
 1.56000E+03
 1.56130E+03
 1.56050E+03
 1.56210E+03
 1.56040E+03
 1.56080E+03
 1.55960E+03
 1.56110E+03
 1.56160E+03
 1.55890E+03
 1.56030E+03
 1.55960E+03
 1.56040E+03
 1.55620E+03
 1.56050E+03
 1.55970E+03
 1.55910E+03
 1.56030E+03
 1.56120E+03
 1.55890E+03
 1.55890E+03
 1.56220E+03
 1.56140E+03
 1.56120E+03
 1.55970E+03
 1.56010E+03
 1.56130E+03
 1.55830E+03
 1.55910E+03
 1.56000E+03
 1.56150E+03
 1.56150E+03
 1.55990E+03
 1.55860E+03
 1.56220E+03
 1.56020E+03
 1.55940E+03
 1.56090E+03
 1.56010E+03
 1.55930E+03
 1.56100E+03
 1.56040E+03
 1.56000E+03
 1.56010E+03
 1.56060E+03
 1.56030E+03
 1.55880E+03
 1.56080E+03
 1.56000E+03
 1.56120E+03
 1.56090E+03
 1.56010E+03
 1.56190E+03
 1.56140E+03
 1.56450E+03
 1.56040E+03
 1.56160E+03
 1.56080E+03
 1.55970E+03
 1.56010E+03
 1.55960E+03
 1.55690E+03
 1.56060E+03
 1.56050E+03
 1.56160E+03
 1.56040E+03
 1.56120E+03
 1.55900E+03
 1.55800E+03
 1.55990E+03
 1.55860E+03
 1.56040E+03
 1.55970E+03
 1.56010E+03
 1.56060E+03
 1.55760E+03
 1.56230E+03
 1.55890E+03
 1.56050E+03
 1.55900E+03
 1.55970E+03
 1.56070E+03
 1.56200E+03
 1.55850E+03
 1.56080E+03
 1.56150E+03
 1.56000E+03
 1.55970E+03
 1.56220E+03
 1.56160E+03
 1.55950E+03
 1.56040E+03
 1.55970E+03
 1.55850E+03
 1.56150E+03
 1.56090E+03
 1.56170E+03
 1.55990E+03
 1.56040E+03
 1.56000E+03
 1.55820E+03
 1.56150E+03
 1.55910E+03
 1.56130E+03
 1.56030E+03
 1.56010E+03
 1.56110E+03
 1.56150E+03
 1.56140E+03
 1.55940E+03
 1.55910E+03
 1.55910E+03
 1.55950E+03
 1.56240E+03
 1.55930E+03
 1.56030E+03
 1.56080E+03
 1.56040E+03
 1.56190E+03
 1.56150E+03
 1.56060E+03
 1.55930E+03
 1.56220E+03
 1.55800E+03
 1.56040E+03
 1.56110E+03
 1.56180E+03
 1.56190E+03
 1.55920E+03
 1.56050E+03
 1.56060E+03
 1.55800E+03
 1.56010E+03
 1.56060E+03
 1.55950E+03
 1.55810E+03
 1.56110E+03
 1.55860E+03
 1.56120E+03
 1.55960E+03
 1.56080E+03
 1.56100E+03
 1.56050E+03
 1.56030E+03
 1.56210E+03
 1.55950E+03
 1.55860E+03
 1.55950E+03
 1.55880E+03
 1.56080E+03
 1.55940E+03
 1.56140E+03
 1.55970E+03
 1.56070E+03
 1.55980E+03
 1.56320E+03
 1.55990E+03
 1.56180E+03
 1.55810E+03
 1.56010E+03
 1.56050E+03
 1.56070E+03
 1.56090E+03
 1.56030E+03
 1.55960E+03
 1.56140E+03
 1.56130E+03
 1.55990E+03
 1.55910E+03
 1.56170E+03
 1.55960E+03
 1.56050E+03
 1.56010E+03
 1.56090E+03
 1.56080E+03
 1.55990E+03
 1.56310E+03
 1.55900E+03
 1.55890E+03
 1.56030E+03
 1.56090E+03
 1.56100E+03
 1.55980E+03
 1.55740E+03
 1.56240E+03
 1.55900E+03
 1.55920E+03
 1.55910E+03
 1.55930E+03
 1.55940E+03
 1.55960E+03
 1.56140E+03
 1.55910E+03
 1.56150E+03
 1.56010E+03
 1.56090E+03
 1.56120E+03
 1.56190E+03
 1.56180E+03
 1.56060E+03
 1.56140E+03
 1.55770E+03
 1.55970E+03
 1.56050E+03
 1.56080E+03
 1.56240E+03
 1.55870E+03
 1.56080E+03
 1.56080E+03
 1.56070E+03
 1.56100E+03
 1.56080E+03
 1.56170E+03
 1.55930E+03
 1.55980E+03
 1.56000E+03
 1.56050E+03
 1.56080E+03
 1.55860E+03
 1.56080E+03
 1.55970E+03
 1.55930E+03
 1.56270E+03
 1.56180E+03
 1.56030E+03
 1.56030E+03
 1.55960E+03
 1.55950E+03
 1.55980E+03
 1.56040E+03
 1.55930E+03
 1.56010E+03
 1.56070E+03
 1.56000E+03
 1.56040E+03
 1.55880E+03
 1.55960E+03
 1.56220E+03
 1.55940E+03
 1.55970E+03
 1.56040E+03
 1.55940E+03
 1.56010E+03
 1.56080E+03
 1.56260E+03
 1.56160E+03
 1.55980E+03
 1.56080E+03
 1.55940E+03
 1.55930E+03
 1.56040E+03
 1.56010E+03
 1.56010E+03
 1.55970E+03
 1.55860E+03
 1.56150E+03
 1.56040E+03
 1.56140E+03
 1.56090E+03
 1.55990E+03
 1.56000E+03
 1.56060E+03
 1.56150E+03
 1.56110E+03
 1.56000E+03
 1.56040E+03
 1.56000E+03
 1.56120E+03
 1.56040E+03
 1.55970E+03
 1.56210E+03
 1.56040E+03
 1.56350E+03
 1.55980E+03
 1.55910E+03
 1.55850E+03
 1.55940E+03
 1.56030E+03
 1.56100E+03
 1.55990E+03
 1.55950E+03
 1.56210E+03
 1.56060E+03
 1.56150E+03
 1.56010E+03
 1.55910E+03
 1.56010E+03
 1.56180E+03
 1.56410E+03
 1.55940E+03
 1.56010E+03
 1.56140E+03
 1.55930E+03
 1.56080E+03
 1.56100E+03
 1.56060E+03
 1.56240E+03
 1.55840E+03
 1.56080E+03
 1.55790E+03
 1.55920E+03
 1.55850E+03
 1.56080E+03
 1.56090E+03
 1.55930E+03
 1.56160E+03
 1.56170E+03
 1.56000E+03
 1.56180E+03
 1.56120E+03
 1.56070E+03
 1.56130E+03
 1.56030E+03
 1.56070E+03
 1.55890E+03
 1.55680E+03
 1.56090E+03
 1.55960E+03
 1.56130E+03
 1.56090E+03
 1.56140E+03
 1.56120E+03
 1.56100E+03
 1.55960E+03
 1.56160E+03
 1.56150E+03
 1.56000E+03
 1.56130E+03
 1.56060E+03
 1.56060E+03
 1.56230E+03
 1.56050E+03
 1.55810E+03
 1.56080E+03
 1.55840E+03
 1.56090E+03
 1.55870E+03
 1.55780E+03
 1.56220E+03
 1.56100E+03
 1.56180E+03
 1.55960E+03
 1.55930E+03
 1.56090E+03
 1.56020E+03
 1.56020E+03
 1.55990E+03
 1.56160E+03
 1.55960E+03
 1.56170E+03
 1.55940E+03
 1.56180E+03
 1.55910E+03
 1.55970E+03
 1.55930E+03
 1.56060E+03
 1.55910E+03
 1.55920E+03
 1.55890E+03
 1.56010E+03
 1.56060E+03
 1.55950E+03
 1.56010E+03
 1.56040E+03
 1.56010E+03
 1.56190E+03
 1.55880E+03
 1.56070E+03
 1.56040E+03
 1.56010E+03
 1.55930E+03
 1.56040E+03
 1.55980E+03
 1.55920E+03
 1.55960E+03
 1.56090E+03
 1.56080E+03
 1.55980E+03
 1.55850E+03
 1.55930E+03
 1.56070E+03
 1.55930E+03
 1.56050E+03
 1.56200E+03
 1.56130E+03
 1.55960E+03
 1.56120E+03
 1.55990E+03
 1.55970E+03
 1.55930E+03
 1.56170E+03
 1.56070E+03
 1.56070E+03
 1.55990E+03
 1.56100E+03
 1.56280E+03
 1.56240E+03
 1.55990E+03
 1.56220E+03
 1.55930E+03
 1.55910E+03
 1.56010E+03
 1.55870E+03
 1.56070E+03
 1.56050E+03
 1.56040E+03
 1.55950E+03
 1.56020E+03
 1.56070E+03
 1.56130E+03
 1.56060E+03
 1.56050E+03
 1.56090E+03
 1.56130E+03
 1.55980E+03
 1.56160E+03
 1.56100E+03
 1.56060E+03
 1.56010E+03
 1.55970E+03
 1.56150E+03
 1.56000E+03
 1.55930E+03
 1.56000E+03
 1.56160E+03
 1.56150E+03
 1.56020E+03
 1.56090E+03
 1.55910E+03
 1.56150E+03
 1.56020E+03
 1.56100E+03
 1.56000E+03
 1.56180E+03
 1.56000E+03
 1.56080E+03
 1.56140E+03
 1.56280E+03
 1.55960E+03
 1.55850E+03
 1.55990E+03
 1.55890E+03
 1.56060E+03
 1.56000E+03
 1.56050E+03
 1.55820E+03
 1.55820E+03
 1.55980E+03
 1.56220E+03
 1.56240E+03
 1.56060E+03
 1.56030E+03
 1.56190E+03
 1.56120E+03
 1.56140E+03
 1.56000E+03
 1.56010E+03
 1.56060E+03
 1.56170E+03
 1.56110E+03
 1.56130E+03
 1.55950E+03
 1.56090E+03
 1.56110E+03
 1.55940E+03
 1.56060E+03
 1.56150E+03
 1.55790E+03
 1.56140E+03
 1.56030E+03
 1.56010E+03
 1.55990E+03
 1.56170E+03
 1.55870E+03
 1.56070E+03
 1.56190E+03
 1.56060E+03
 1.55880E+03
 1.56030E+03
 1.56040E+03
 1.55890E+03
 1.56190E+03
 1.56180E+03
 1.56030E+03
 1.55950E+03
 1.56070E+03
 1.56100E+03
 1.56300E+03
 1.55970E+03
 1.56080E+03
 1.55970E+03
 1.56020E+03
 1.55800E+03
 1.56070E+03
 1.56040E+03
 1.56040E+03
 1.55950E+03
 1.56170E+03
 1.55890E+03
 1.56020E+03
 1.55940E+03
 1.56000E+03
 1.56020E+03
 1.55840E+03
 1.55840E+03
 1.56150E+03
 1.55930E+03
 1.55900E+03
 1.56050E+03
 1.56030E+03
 1.55800E+03
 1.56080E+03
 1.55810E+03
 1.56070E+03
 1.56240E+03
 1.56040E+03
 1.56110E+03
 1.55780E+03
 1.56110E+03
 1.56250E+03
 1.55850E+03
 1.56090E+03
 1.56030E+03
 1.56040E+03
 1.56140E+03
 1.56020E+03
 1.55850E+03
 1.56070E+03
 1.56010E+03
 1.55660E+03
 1.55820E+03
 1.55970E+03
 1.56080E+03
 1.56150E+03
 1.55940E+03
 1.56260E+03
 1.55950E+03
 1.56200E+03
 1.56120E+03
 1.55950E+03
 1.56150E+03
 1.56150E+03
 1.56040E+03
 1.56070E+03
 1.56030E+03
 1.55830E+03
 1.55980E+03
 1.56100E+03
 1.56080E+03
 1.56120E+03
 1.56040E+03
 1.56100E+03
 1.55880E+03
 1.55810E+03
 1.55950E+03
 1.55960E+03
 1.56160E+03
 1.55990E+03
 1.56150E+03
 1.55750E+03
 1.56120E+03
 1.55940E+03
 1.55990E+03
 1.56030E+03
 1.56060E+03
 1.56020E+03
 1.55980E+03
 1.56070E+03
 1.56210E+03
 1.56120E+03
 1.56250E+03
 1.55950E+03
 1.56080E+03
 1.55860E+03
 1.55950E+03
 1.56020E+03
 1.56000E+03
 1.56220E+03
 1.56170E+03
 1.55900E+03
 1.55960E+03
 1.56110E+03
 1.56110E+03
 1.55960E+03
 1.56060E+03
 1.55970E+03
 1.56070E+03
 1.56070E+03
 1.55900E+03
 1.55950E+03
 1.56180E+03
 1.56110E+03
 1.55850E+03
 1.56160E+03
 1.56020E+03
 1.56160E+03
 1.56130E+03
 1.55920E+03
 1.55830E+03
 1.56090E+03
 1.56170E+03
 1.56080E+03
 1.55890E+03
 1.56020E+03
 1.55990E+03
 1.56110E+03
 1.56270E+03
 1.55990E+03
 1.55980E+03
 1.56060E+03
 1.56020E+03
 1.55970E+03
 1.56130E+03
 1.56000E+03
 1.55930E+03
 1.55960E+03
 1.56090E+03
 1.56170E+03
 1.56050E+03
 1.56200E+03
 1.56280E+03
 1.55940E+03
 1.56060E+03
 1.55930E+03
 1.55940E+03
 1.56110E+03
 1.56200E+03
 1.56060E+03
 1.55950E+03
 1.55970E+03
 1.56040E+03
 1.56090E+03
 1.56120E+03
 1.55920E+03
 1.56080E+03
 1.56210E+03
 1.56110E+03
 1.56050E+03
 1.56020E+03
 1.56010E+03
 1.56040E+03
 1.56000E+03
 1.55990E+03
 1.56160E+03
 1.55910E+03
 1.56020E+03
 1.55790E+03
 1.56070E+03
 1.55860E+03
 1.56340E+03
 1.55890E+03
 1.55940E+03
 1.56040E+03
 1.56030E+03
 1.56140E+03
 1.56110E+03
 1.55910E+03
 1.56140E+03
 1.55860E+03
 1.56310E+03
 1.56020E+03
 1.56160E+03
 1.56090E+03
 1.56140E+03
 1.56170E+03
 1.56090E+03
 1.56030E+03
 1.56030E+03
 1.56000E+03
 1.55920E+03
 1.56290E+03
 1.56120E+03
 1.56060E+03
 1.56100E+03
 1.56030E+03
 1.56090E+03
 1.56150E+03
 1.56200E+03
 1.55890E+03
 1.56120E+03
 1.56090E+03
 1.56090E+03
 1.56160E+03
 1.56090E+03
 1.55960E+03
 1.55950E+03
 1.56210E+03
 1.55950E+03
 1.55950E+03
 1.56070E+03
 1.56050E+03
 1.56120E+03
 1.55870E+03
 1.55840E+03
 1.56160E+03
 1.55970E+03
 1.55930E+03
 1.56120E+03
 1.55750E+03
 1.55870E+03
 1.56110E+03
 1.56030E+03
 1.56000E+03
 1.56180E+03
 1.55860E+03
 1.56130E+03
 1.56120E+03
 1.56130E+03
 1.55960E+03
 1.56130E+03
 1.55840E+03
 1.55990E+03
 1.56340E+03
 1.56010E+03
 1.56040E+03
 1.55970E+03
 1.56020E+03
 1.56160E+03
 1.56190E+03
 1.56150E+03
 1.56030E+03
 1.56170E+03
 1.56000E+03
 1.55970E+03
 1.56080E+03
 1.55970E+03
 1.56160E+03
 1.55950E+03
 1.55940E+03
 1.55950E+03
 1.56070E+03
 1.55960E+03
 1.56000E+03
 1.56060E+03
 1.56000E+03
 1.56190E+03
 1.55920E+03
 1.56150E+03
 1.56090E+03
 1.56330E+03
 1.55850E+03
 1.56060E+03
 1.56010E+03
 1.56050E+03
 1.56070E+03
 1.56020E+03
 1.56210E+03
 1.56000E+03
 1.56170E+03
 1.56220E+03
 1.56070E+03
 1.56080E+03
 1.55840E+03
 1.56150E+03
 1.56030E+03
 1.56260E+03
 1.55860E+03
 1.56160E+03
 1.55950E+03
 1.56000E+03
 1.55830E+03
 1.56250E+03
 1.56090E+03
 1.55920E+03
 1.56120E+03
 1.55900E+03
 1.55870E+03
 1.56220E+03
 1.55930E+03
 1.55980E+03
 1.56050E+03
 1.56060E+03
 1.55990E+03
 1.56010E+03
 1.56040E+03
 1.55960E+03
 1.55760E+03
 1.56000E+03
 1.56070E+03
 1.56070E+03
 1.55990E+03
 1.56160E+03
 1.55940E+03
 1.56130E+03
 1.55940E+03
 1.56160E+03
 1.55740E+03
 1.56060E+03
 1.55850E+03
 1.55880E+03
 1.55840E+03
 1.55910E+03
 1.56110E+03
 1.55800E+03
 1.56050E+03
 1.55960E+03
 1.55960E+03
 1.56120E+03
 1.56140E+03
 1.56170E+03
 1.56080E+03
 1.56130E+03
 1.56000E+03
 1.56140E+03
 1.55930E+03
 1.56130E+03
 1.56060E+03
 1.56040E+03
 1.56120E+03
 1.56220E+03
 1.56160E+03
 1.55910E+03
 1.56000E+03
 1.56170E+03
 1.56040E+03
 1.56160E+03
 1.56370E+03
 1.55970E+03
 1.56080E+03
 1.56140E+03
 1.55930E+03
 1.56000E+03
 1.55970E+03
 1.56360E+03
 1.55940E+03
 1.55860E+03
 1.55910E+03
 1.56010E+03
 1.56000E+03
 1.55860E+03
 1.55970E+03
 1.56080E+03
 1.55850E+03
 1.55980E+03
 1.55950E+03
 1.55920E+03
 1.55950E+03
 1.56070E+03
 1.55970E+03
 1.56020E+03
 1.56350E+03
 1.55860E+03
 1.56240E+03
 1.55910E+03
 1.56110E+03
 1.56000E+03
 1.55960E+03
 1.56060E+03
 1.55830E+03
 1.55930E+03
 1.55940E+03
 1.55970E+03
 1.56190E+03
 1.56230E+03
 1.56180E+03
 1.56020E+03
 1.56040E+03
 1.56150E+03
 1.56120E+03
 1.55970E+03
 1.56020E+03
 1.55920E+03
 1.55820E+03
 1.56050E+03
 1.56130E+03
 1.55880E+03
 1.55970E+03
 1.56320E+03
 1.56100E+03
 1.56020E+03
 1.56010E+03
 1.56320E+03
 1.56060E+03
 1.56090E+03
 1.56050E+03
 1.55890E+03
 1.56230E+03
 1.56200E+03
 1.55890E+03
 1.56270E+03
 1.55970E+03
 1.56120E+03
 1.55880E+03
 1.56020E+03
 1.56030E+03
 1.56000E+03
 1.56110E+03
 1.56220E+03
 1.55920E+03
 1.55960E+03
 1.56010E+03
 1.56000E+03
 1.55960E+03
 1.56120E+03
 1.55920E+03
 1.55980E+03
 1.56120E+03
 1.55880E+03
 1.55970E+03
 1.56160E+03
 1.56050E+03
 1.56330E+03
 1.55880E+03
 1.55910E+03
 1.55950E+03
 1.56020E+03
 1.56050E+03
 1.56000E+03
 1.56000E+03
 1.56130E+03
 1.56010E+03
 1.56170E+03
 1.55930E+03
 1.56000E+03
 1.56010E+03
 1.56040E+03
 1.55970E+03
 1.56120E+03
 1.56030E+03
 1.55920E+03
 1.56090E+03
 1.55980E+03
 1.55980E+03
 1.56170E+03
 1.56020E+03
 1.55920E+03
 1.55910E+03
 1.56130E+03
 1.56030E+03
 1.56280E+03
 1.55870E+03
 1.56100E+03
 1.55990E+03
 1.55970E+03
 1.56110E+03
 1.56100E+03
 1.56180E+03
 1.56170E+03
 1.56070E+03
 1.56060E+03
 1.56200E+03
 1.56240E+03
 1.55970E+03
 1.56020E+03
 1.56010E+03
 1.56120E+03
 1.56000E+03
 1.55890E+03
 1.56060E+03
 1.56120E+03
 1.55970E+03
 1.56230E+03
 1.56240E+03
 1.55860E+03
 1.55950E+03
 1.56100E+03
 1.56080E+03
 1.55970E+03
 1.56090E+03
 1.55960E+03
 1.55940E+03
 1.56000E+03
 1.56300E+03
 1.55890E+03
 1.56130E+03
 1.56140E+03
 1.56120E+03
 1.56170E+03
 1.56160E+03
 1.56210E+03
 1.55960E+03
 1.55950E+03
 1.56140E+03
 1.55820E+03
 1.56150E+03
 1.55950E+03
 1.56160E+03
 1.55860E+03
 1.56020E+03
 1.55980E+03
 1.56100E+03
 1.55920E+03
 1.55990E+03
 1.55730E+03
 1.55950E+03
 1.56020E+03
 1.55910E+03
 1.56070E+03
 1.56110E+03
 1.56210E+03
 1.56190E+03
 1.56090E+03
 1.56130E+03
 1.56020E+03
 1.55970E+03
 1.56200E+03
 1.55980E+03
 1.55950E+03
 1.56020E+03
 1.55990E+03
 1.56190E+03
 1.55990E+03
 1.56210E+03
 1.55920E+03
 1.55830E+03
 1.56040E+03
 1.56050E+03
 1.56060E+03
 1.55880E+03
 1.56020E+03
 1.56210E+03
 1.55920E+03
 1.56080E+03
 1.56110E+03
 1.55990E+03
 1.56020E+03
 1.55970E+03
 1.56070E+03
 1.56080E+03
 1.56080E+03
 1.56040E+03
 1.55850E+03
 1.55940E+03
 1.56040E+03
 1.55860E+03
 1.55970E+03
 1.55860E+03
 1.56170E+03
 1.56040E+03
 1.56140E+03
 1.56040E+03
 1.55940E+03
 1.56030E+03
 1.55990E+03
 1.55820E+03
 1.56040E+03
 1.55970E+03
 1.56000E+03
 1.56040E+03
 1.55900E+03
 1.56030E+03
 1.55870E+03
 1.56020E+03
 1.55910E+03
 1.55950E+03
 1.56190E+03
 1.56020E+03
 1.55870E+03
 1.55890E+03
 1.55920E+03
 1.56150E+03
 1.55980E+03
 1.55960E+03
 1.56080E+03
 1.56020E+03
 1.55960E+03
 1.56210E+03
 1.56020E+03
 1.56050E+03
 1.55840E+03
 1.56140E+03
 1.56090E+03
 1.55890E+03
 1.55950E+03
 1.56190E+03
 1.56080E+03
 1.56010E+03
 1.56190E+03
 1.55780E+03
 1.55650E+03
 1.55960E+03
 1.56110E+03
 1.56020E+03
 1.56330E+03
 1.55970E+03
 1.55990E+03
 1.56070E+03
 1.56210E+03
 1.55880E+03
 1.56060E+03
 1.56020E+03
 1.55860E+03
 1.56160E+03
 1.55990E+03
 1.56330E+03
 1.56220E+03
 1.56150E+03
 1.55830E+03
 1.55930E+03
 1.56160E+03
 1.55980E+03
 1.56030E+03
 1.56080E+03
 1.55840E+03
 1.56040E+03
 1.55960E+03
 1.56000E+03
 1.56010E+03
 1.56100E+03
 1.55890E+03
 1.56090E+03
 1.55750E+03
 1.56140E+03
 1.56020E+03
 1.56010E+03
 1.55820E+03
 1.55900E+03
 1.56110E+03
 1.55850E+03
 1.56050E+03
 1.55930E+03
 1.56080E+03
 1.56100E+03
 1.55980E+03
 1.56080E+03
 1.55960E+03
 1.56120E+03
 1.56030E+03
 1.55990E+03
 1.56060E+03
 1.56130E+03
 1.56040E+03
 1.56020E+03
 1.55900E+03
 1.55960E+03
 1.56060E+03
 1.56030E+03
 1.56000E+03
 1.56030E+03
 1.56010E+03
 1.56080E+03
 1.56060E+03
 1.56180E+03
 1.55920E+03
 1.56060E+03
 1.56090E+03
 1.56160E+03
 1.56080E+03
 1.56060E+03
 1.56100E+03
 1.56190E+03
 1.55990E+03
 1.55940E+03
 1.56240E+03
 1.56040E+03
 1.56120E+03
 1.56210E+03
 1.56110E+03
 1.56000E+03
 1.55890E+03
 1.56100E+03
 1.55930E+03
 1.56030E+03
 1.56110E+03
 1.55980E+03
 1.56160E+03
 1.55940E+03
 1.56120E+03
 1.56090E+03
 1.56080E+03
 1.55950E+03
 1.55900E+03
 1.56010E+03
 1.56120E+03
 1.55870E+03
 1.56090E+03
 1.56150E+03
 1.55860E+03
 1.55770E+03
 1.56080E+03
 1.56040E+03
 1.55950E+03
 1.55960E+03
 1.56030E+03
 1.56080E+03
 1.55990E+03
 1.56000E+03
 1.55730E+03
 1.56080E+03
 1.55880E+03
 1.56080E+03
 1.55990E+03
 1.56140E+03
 1.56080E+03
 1.56010E+03
 1.55900E+03
 1.56010E+03
 1.56170E+03
 1.56100E+03
 1.56060E+03
 1.56150E+03
 1.55860E+03
 1.56170E+03
 1.56020E+03
 1.55970E+03
 1.55860E+03
 1.56040E+03
 1.56240E+03
 1.56070E+03
 1.55990E+03
 1.55920E+03
 1.56180E+03
 1.56070E+03
 1.56080E+03
 1.56140E+03
 1.56070E+03
 1.56150E+03
 1.56040E+03
 1.55920E+03
 1.56130E+03
 1.56020E+03
 1.56150E+03
 1.55990E+03
 1.55980E+03
 1.56090E+03
 1.56040E+03
 1.55960E+03
 1.56120E+03
 1.55990E+03
 1.55990E+03
 1.55950E+03
 1.56280E+03
 1.55870E+03
 1.56080E+03
 1.56190E+03
 1.55770E+03
 1.56120E+03
 1.55920E+03
 1.56070E+03
 1.56120E+03
 1.56110E+03
 1.56030E+03
 1.55820E+03
 1.56030E+03
 1.55900E+03
 1.55910E+03
 1.55980E+03
 1.56290E+03
 1.56170E+03
 1.56060E+03
 1.56190E+03
 1.56080E+03
 1.55920E+03
 1.55970E+03
 1.56010E+03
 1.56230E+03
 1.56180E+03
 1.56100E+03
 1.55990E+03
 1.55810E+03
 1.55960E+03
 1.56180E+03
 1.56060E+03
 1.55980E+03
 1.55950E+03
 1.56120E+03
 1.56150E+03
 1.56020E+03
 1.56000E+03
 1.56080E+03
 1.55950E+03
 1.55990E+03
 1.55810E+03
 1.56000E+03
 1.55950E+03
 1.56120E+03
 1.55850E+03
 1.56070E+03
 1.56020E+03
 1.56010E+03
 1.55870E+03
 1.56030E+03
 1.56090E+03
 1.56150E+03
 1.56090E+03
 1.56210E+03
 1.55900E+03
 1.55890E+03
 1.55790E+03
 1.56040E+03
 1.56180E+03
 1.55850E+03
 1.55860E+03
 1.55970E+03
 1.56070E+03
 1.55970E+03
 1.55890E+03
 1.56110E+03
 1.55850E+03
 1.56170E+03
 1.55870E+03
 1.56140E+03
 1.55970E+03
 1.55980E+03
 1.56160E+03
 1.56010E+03
 1.55900E+03
 1.55960E+03
 1.55940E+03
 1.56060E+03
 1.55870E+03
 1.56130E+03
 1.55940E+03
 1.56110E+03
 1.55880E+03
 1.56290E+03
 1.56130E+03
 1.55900E+03
 1.56160E+03
 1.55940E+03
 1.55960E+03
