 1.56220E+03
 1.55940E+03
 1.56060E+03
 1.56010E+03
 1.55850E+03
 1.56060E+03
 1.56020E+03
 1.56020E+03
 1.56130E+03
 1.55920E+03
 1.56080E+03
 1.56090E+03
 1.56190E+03
 1.56110E+03
 1.55890E+03
 1.56040E+03
 1.55850E+03
 1.55940E+03
 1.55980E+03
 1.56090E+03
 1.56100E+03
 1.56070E+03
 1.56080E+03
 1.56120E+03
 1.56120E+03
 1.56150E+03
 1.55820E+03
 1.56120E+03
 1.56310E+03
 1.55980E+03
 1.56020E+03
 1.56170E+03
 1.56010E+03
 1.55950E+03
 1.55880E+03
 1.55990E+03
 1.56090E+03
 1.56050E+03
 1.56000E+03
 1.55930E+03
 1.56180E+03
 1.55960E+03
 1.56070E+03
 1.56150E+03
 1.55980E+03
 1.55940E+03
 1.56090E+03
 1.56040E+03
 1.55990E+03
 1.55860E+03
 1.56060E+03
 1.56070E+03
 1.56050E+03
 1.56060E+03
 1.56260E+03
 1.56050E+03
 1.56910E+03
 1.60190E+03
 1.63770E+03
 1.60780E+03
 1.57280E+03
 1.56250E+03
 1.56290E+03
 1.56030E+03
 1.56080E+03
 1.55900E+03
 1.56070E+03
 1.56010E+03
 1.55930E+03
 1.56010E+03
 1.55970E+03
 1.55960E+03
 1.56190E+03
 1.55800E+03
 1.56100E+03
 1.56250E+03
 1.56040E+03
 1.56090E+03
 1.56150E+03
 1.56310E+03
 1.56780E+03
 1.57150E+03
 1.58150E+03
 1.59010E+03
 1.59640E+03
 1.59830E+03
 1.59720E+03
 1.60420E+03
 1.60360E+03
 1.60260E+03
 1.60590E+03
 1.60890E+03
 1.60570E+03
 1.60840E+03
 1.61320E+03
 1.61280E+03
 1.61080E+03
 1.61500E+03
 1.61740E+03
 1.62570E+03
 1.62510E+03
 1.63410E+03
 1.64330E+03
 1.64520E+03
 1.64260E+03
 1.64550E+03
 1.65280E+03
 1.65510E+03
 1.66520E+03
 1.67130E+03
 1.66020E+03
 1.65940E+03
 1.65170E+03
 1.64750E+03
 1.64350E+03
 1.64570E+03
 1.64390E+03
 1.65530E+03
 1.66020E+03
 1.66200E+03
 1.66020E+03
 1.66490E+03
 1.66970E+03
 1.66160E+03
 1.65720E+03
 1.65380E+03
 1.65160E+03
 1.64530E+03
 1.65370E+03
 1.64450E+03
 1.64070E+03
 1.64340E+03
 1.64290E+03
 1.64580E+03
 1.64360E+03
 1.64180E+03
 1.63690E+03
 1.63680E+03
 1.63320E+03
 1.62950E+03
 1.63030E+03
 1.63370E+03
 1.63120E+03
 1.62640E+03
 1.62980E+03
 1.62320E+03
 1.62600E+03
 1.62670E+03
 1.62690E+03
 1.62220E+03
 1.61700E+03
 1.62410E+03
 1.62610E+03
 1.61490E+03
 1.62650E+03
 1.62270E+03
 1.62560E+03
 1.62700E+03
 1.61990E+03
 1.62820E+03
 1.62020E+03
 1.62370E+03
 1.62050E+03
 1.62790E+03
 1.62740E+03
 1.63090E+03
 1.62860E+03
 1.63630E+03
 1.63190E+03
 1.62870E+03
 1.63740E+03
 1.63790E+03
 1.64030E+03
 1.64040E+03
 1.64000E+03
 1.64350E+03
 1.64590E+03
 1.64600E+03
 1.65390E+03
 1.66560E+03
 1.66050E+03
 1.67370E+03
 1.66770E+03
 1.68160E+03
 1.68920E+03
 1.71140E+03
 1.76620E+03
 1.91360E+03
 2.32100E+03
 2.98450E+03
 3.06400E+03
 2.38120E+03
 1.87800E+03
 1.75700E+03
 1.76900E+03
 1.83050E+03
 2.03190E+03
 2.56600E+03
 3.48340E+03
 3.71970E+03
 2.82760E+03
 2.07890E+03
 1.83140E+03
 1.77500E+03
 1.75700E+03
 1.75000E+03
 1.73920E+03
 1.73600E+03
 1.73760E+03
 1.74390E+03
 1.76290E+03
 1.77320E+03
 1.78880E+03
 1.81090E+03
 1.80960E+03
 1.81440E+03
 1.79930E+03
 1.79290E+03
 1.77310E+03
 1.74910E+03
 1.71660E+03
 1.68340E+03
 1.65220E+03
 1.63300E+03
 1.62410E+03
 1.62450E+03
 1.62540E+03
 1.62380E+03
 1.62220E+03
 1.62520E+03
 1.62290E+03
 1.62530E+03
 1.62100E+03
 1.62600E+03
 1.62820E+03
 1.62350E+03
 1.63400E+03
 1.63410E+03
 1.63950E+03
 1.65230E+03
 1.65520E+03
 1.64520E+03
 1.64490E+03
 1.64520E+03
 1.63920E+03
 1.64040E+03
 1.63960E+03
 1.64360E+03
 1.64630E+03
 1.65270E+03
 1.65390E+03
 1.66000E+03
 1.66960E+03
 1.67020E+03
 1.69000E+03
 1.69460E+03
 1.69620E+03
 1.69730E+03
 1.68900E+03
 1.67810E+03
 1.68490E+03
 1.68320E+03
 1.69080E+03
 1.69810E+03
 1.70960E+03
 1.71240E+03
 1.70810E+03
 1.70070E+03
 1.68350E+03
 1.67040E+03
 1.65570E+03
 1.65610E+03
 1.65350E+03
 1.65130E+03
 1.65220E+03
 1.65440E+03
 1.65400E+03
 1.65110E+03
 1.65190E+03
 1.64830E+03
 1.64700E+03
 1.65370E+03
 1.64260E+03
 1.63070E+03
 1.62200E+03
 1.61980E+03
 1.61140E+03
 1.61180E+03
 1.61000E+03
 1.60860E+03
 1.61150E+03
 1.60900E+03
 1.61410E+03
 1.61480E+03
 1.61390E+03
 1.60930E+03
 1.60740E+03
 1.61060E+03
 1.61200E+03
 1.60800E+03
 1.61510E+03
 1.61230E+03
 1.61750E+03
 1.61650E+03
 1.62230E+03
 1.62340E+03
 1.62900E+03
 1.62420E+03
 1.61690E+03
 1.61740E+03
 1.62230E+03
 1.62100E+03
 1.63020E+03
 1.63330E+03
 1.63450E+03
 1.62980E+03
 1.63230E+03
 1.64610E+03
 1.64630E+03
 1.64910E+03
 1.65030E+03
 1.65620E+03
 1.66410E+03
 1.66510E+03
 1.65660E+03
 1.65520E+03
 1.64580E+03
 1.63800E+03
 1.62640E+03
 1.62590E+03
 1.62370E+03
 1.63490E+03
 1.64060E+03
 1.63230E+03
 1.64250E+03
 1.63460E+03
 1.62890E+03
 1.62070E+03
 1.61920E+03
 1.61560E+03
 1.62030E+03
 1.61450E+03
 1.61540E+03
 1.61510E+03
 1.62050E+03
 1.62920E+03
 1.62840E+03
 1.62530E+03
 1.62890E+03
 1.62270E+03
 1.61980E+03
 1.61810E+03
 1.60580E+03
 1.60470E+03
 1.60500E+03
 1.59810E+03
 1.59460E+03
 1.60240E+03
 1.60080E+03
 1.60350E+03
 1.59870E+03
 1.60050E+03
 1.60330E+03
 1.60360E+03
 1.59870E+03
 1.59970E+03
 1.59510E+03
 1.59650E+03
 1.59500E+03
 1.60090E+03
 1.59740E+03
 1.59200E+03
 1.59710E+03
 1.59920E+03
 1.59830E+03
 1.59550E+03
 1.59690E+03
 1.59480E+03
 1.59330E+03
 1.59840E+03
 1.59480E+03
 1.59570E+03
 1.59450E+03
 1.59630E+03
 1.59810E+03
 1.59250E+03
 1.59140E+03
 1.59730E+03
 1.59280E+03
 1.58940E+03
 1.59820E+03
 1.59580E+03
 1.60080E+03
 1.59250E+03
 1.59270E+03
 1.59070E+03
 1.59190E+03
 1.59510E+03
 1.59170E+03
 1.59310E+03
 1.59150E+03
 1.59370E+03
 1.59350E+03
 1.59390E+03
 1.60120E+03
 1.59230E+03
 1.59540E+03
 1.59330E+03
 1.59260E+03
 1.59620E+03
 1.59300E+03
 1.59170E+03
 1.59300E+03
 1.59730E+03
 1.59720E+03
 1.59130E+03
 1.59420E+03
 1.59010E+03
 1.59650E+03
 1.59010E+03
 1.58960E+03
 1.59370E+03
 1.59260E+03
 1.59020E+03
 1.58970E+03
 1.59130E+03
 1.59080E+03
 1.58770E+03
 1.58810E+03
 1.58970E+03
 1.58820E+03
 1.59130E+03
 1.58780E+03
 1.58800E+03
 1.58450E+03
 1.58620E+03
 1.58710E+03
 1.58760E+03
 1.58550E+03
 1.58570E+03
 1.58620E+03
 1.58280E+03
 1.58920E+03
 1.58890E+03
 1.58870E+03
 1.58290E+03
 1.58700E+03
 1.58740E+03
 1.58620E+03
 1.58400E+03
 1.58480E+03
 1.58510E+03
 1.58320E+03
 1.58510E+03
 1.58470E+03
 1.58630E+03
 1.57880E+03
 1.58320E+03
 1.58230E+03
 1.58390E+03
 1.58600E+03
 1.58670E+03
 1.58210E+03
 1.58500E+03
 1.58500E+03
 1.58490E+03
 1.58830E+03
 1.58000E+03
 1.59070E+03
 1.58440E+03
 1.58690E+03
 1.58380E+03
 1.58380E+03
 1.58940E+03
 1.58620E+03
 1.58610E+03
 1.58410E+03
 1.58390E+03
 1.58670E+03
 1.58590E+03
 1.58430E+03
 1.58500E+03
 1.58370E+03
 1.58170E+03
 1.58320E+03
 1.58590E+03
 1.58530E+03
 1.58570E+03
 1.58510E+03
 1.58140E+03
 1.58250E+03
 1.58550E+03
 1.58250E+03
 1.58500E+03
 1.58480E+03
 1.58230E+03
 1.58270E+03
 1.58710E+03
 1.58410E+03
 1.57880E+03
 1.58550E+03
 1.58360E+03
 1.58100E+03
 1.58070E+03
 1.58480E+03
 1.58650E+03
 1.57810E+03
 1.58430E+03
 1.57860E+03
 1.58480E+03
 1.57990E+03
 1.58450E+03
 1.58120E+03
 1.58400E+03
 1.58350E+03
 1.58230E+03
 1.58200E+03
 1.58240E+03
 1.58190E+03
 1.58080E+03
 1.57900E+03
 1.58010E+03
 1.58280E+03
 1.58590E+03
 1.58020E+03
 1.57860E+03
 1.58290E+03
 1.57970E+03
 1.58430E+03
 1.58070E+03
 1.58010E+03
 1.58030E+03
 1.58120E+03
 1.58070E+03
 1.57760E+03
 1.58060E+03
 1.57960E+03
 1.58200E+03
 1.58190E+03
 1.58000E+03
 1.58110E+03
 1.58110E+03
 1.57840E+03
 1.58080E+03
 1.58060E+03
 1.57730E+03
 1.58130E+03
 1.58020E+03
 1.57840E+03
 1.57870E+03
 1.58060E+03
 1.58180E+03
 1.58370E+03
 1.58010E+03
 1.57880E+03
 1.58340E+03
 1.58450E+03
 1.57890E+03
 1.57890E+03
 1.57780E+03
 1.58330E+03
 1.58300E+03
 1.58090E+03
 1.57970E+03
 1.58280E+03
 1.57880E+03
 1.58020E+03
 1.58280E+03
 1.58250E+03
 1.57810E+03
 1.57890E+03
 1.58070E+03
 1.58110E+03
 1.57900E+03
 1.57750E+03
 1.57820E+03
 1.58190E+03
 1.58030E+03
 1.58030E+03
 1.58160E+03
 1.58270E+03
 1.57910E+03
 1.57840E+03
 1.58180E+03
 1.58210E+03
 1.57790E+03
 1.57760E+03
 1.57910E+03
 1.57850E+03
 1.58040E+03
 1.58000E+03
 1.58000E+03
 1.57860E+03
 1.57910E+03
 1.57920E+03
 1.58090E+03
 1.57960E+03
 1.57690E+03
 1.57950E+03
 1.58040E+03
 1.57720E+03
 1.57760E+03
 1.57750E+03
 1.57590E+03
 1.57800E+03
 1.57740E+03
 1.58000E+03
 1.57910E+03
 1.58040E+03
 1.57900E+03
 1.57720E+03
 1.57650E+03
 1.57840E+03
 1.57610E+03
 1.57890E+03
 1.58090E+03
 1.58030E+03
 1.58190E+03
 1.58300E+03
 1.57800E+03
 1.58000E+03
 1.57750E+03
 1.57820E+03
 1.58020E+03
 1.57960E+03
 1.58010E+03
 1.58030E+03
 1.57850E+03
 1.57990E+03
 1.57770E+03
 1.57830E+03
 1.57730E+03
 1.58010E+03
 1.58210E+03
 1.57930E+03
 1.57660E+03
 1.57960E+03
 1.58090E+03
 1.58270E+03
 1.57880E+03
 1.57440E+03
 1.57770E+03
 1.57730E+03
 1.57840E+03
 1.57970E+03
 1.57780E+03
 1.57720E+03
 1.58030E+03
 1.58160E+03
 1.57860E+03
 1.58110E+03
 1.57870E+03
 1.58110E+03
 1.58170E+03
 1.57870E+03
 1.57900E+03
 1.58010E+03
 1.57690E+03
 1.57800E+03
 1.57790E+03
 1.57770E+03
 1.57680E+03
 1.58110E+03
 1.57890E+03
 1.57620E+03
 1.57800E+03
 1.57920E+03
 1.57770E+03
 1.58190E+03
 1.57560E+03
 1.57970E+03
 1.58020E+03
 1.58060E+03
 1.57770E+03
 1.57940E+03
 1.57830E+03
 1.57860E+03
 1.57470E+03
 1.57750E+03
 1.57940E+03
 1.57530E+03
 1.57920E+03
 1.57820E+03
 1.57860E+03
 1.57690E+03
 1.57610E+03
 1.58050E+03
 1.57660E+03
 1.57850E+03
 1.57780E+03
 1.57840E+03
 1.57870E+03
 1.57620E+03
 1.57860E+03
 1.57980E+03
 1.57950E+03
 1.57810E+03
 1.57550E+03
 1.57780E+03
 1.57790E+03
 1.57760E+03
 1.57920E+03
 1.57930E+03
 1.57520E+03
 1.57590E+03
 1.57700E+03
 1.57970E+03
 1.57910E+03
 1.57780E+03
 1.57590E+03
 1.58120E+03
 1.57770E+03
 1.57820E+03
 1.57740E+03
 1.57540E+03
 1.57720E+03
 1.58050E+03
 1.57840E+03
 1.57660E+03
 1.58130E+03
 1.58170E+03
 1.57550E+03
 1.57840E+03
 1.57700E+03
 1.57720E+03
 1.58070E+03
 1.57550E+03
 1.57940E+03
 1.57930E+03
 1.57770E+03
 1.57620E+03
 1.57670E+03
 1.57780E+03
 1.57610E+03
 1.57600E+03
 1.57890E+03
 1.57930E+03
 1.57820E+03
 1.57960E+03
 1.58170E+03
 1.57900E+03
 1.57720E+03
 1.57700E+03
 1.57690E+03
 1.57950E+03
 1.57730E+03
 1.57630E+03
 1.58050E+03
 1.57820E+03
 1.57590E+03
 1.58440E+03
 1.57580E+03
 1.57880E+03
 1.58050E+03
 1.58010E+03
 1.58270E+03
 1.58150E+03
 1.58240E+03
 1.58080E+03
 1.57750E+03
 1.57600E+03
 1.57880E+03
 1.57840E+03
 1.58080E+03
 1.58020E+03
 1.58150E+03
 1.58030E+03
 1.57750E+03
 1.57570E+03
 1.58030E+03
 1.57670E+03
 1.57980E+03
 1.57980E+03
 1.57800E+03
 1.58120E+03
 1.57840E+03
 1.57730E+03
 1.58100E+03
 1.58070E+03
 1.57660E+03
 1.57950E+03
 1.57920E+03
 1.57850E+03
 1.57720E+03
 1.58080E+03
 1.57830E+03
 1.57920E+03
 1.57820E+03
 1.58010E+03
 1.57710E+03
 1.57950E+03
 1.58000E+03
 1.57910E+03
 1.58160E+03
 1.58080E+03
 1.57630E+03
 1.57950E+03
 1.58140E+03
 1.57960E+03
 1.58000E+03
 1.58010E+03
 1.58220E+03
 1.58000E+03
 1.58040E+03
 1.57710E+03
 1.58410E+03
 1.57850E+03
 1.57990E+03
 1.58410E+03
 1.58200E+03
 1.57850E+03
 1.58200E+03
 1.58170E+03
 1.58030E+03
 1.58140E+03
 1.58210E+03
 1.57880E+03
 1.57970E+03
 1.58260E+03
 1.57760E+03
 1.58160E+03
 1.57670E+03
 1.58090E+03
 1.58080E+03
 1.57790E+03
 1.58070E+03
 1.58250E+03
 1.57850E+03
 1.58190E+03
 1.57910E+03
 1.58100E+03
 1.58220E+03
 1.58430E+03
 1.58360E+03
 1.58100E+03
 1.58250E+03
 1.57830E+03
 1.57920E+03
 1.58140E+03
 1.58040E+03
 1.57950E+03
 1.58220E+03
 1.58370E+03
 1.57930E+03
 1.57790E+03
 1.58280E+03
 1.58150E+03
 1.58230E+03
 1.58160E+03
 1.57920E+03
 1.58490E+03
 1.58040E+03
 1.58010E+03
 1.58430E+03
 1.58120E+03
 1.58200E+03
 1.58220E+03
 1.58190E+03
 1.57960E+03
 1.57820E+03
 1.58270E+03
 1.58080E+03
 1.58270E+03
 1.58090E+03
 1.57950E+03
 1.58170E+03
 1.58060E+03
 1.58350E+03
 1.58040E+03
 1.58240E+03
 1.58230E+03
 1.57800E+03
 1.58350E+03
 1.57970E+03
 1.58090E+03
 1.58310E+03
 1.58410E+03
 1.58020E+03
 1.58040E+03
 1.58340E+03
 1.58180E+03
 1.58210E+03
 1.58390E+03
 1.58030E+03
 1.58010E+03
 1.58340E+03
 1.58260E+03
 1.58300E+03
 1.58360E+03
 1.58580E+03
 1.58070E+03
 1.58020E+03
 1.57890E+03
 1.58210E+03
 1.58020E+03
 1.58390E+03
 1.57960E+03
 1.58310E+03
 1.58280E+03
 1.58760E+03
 1.58360E+03
 1.58450E+03
 1.58360E+03
 1.57940E+03
 1.58780E+03
 1.57940E+03
 1.58130E+03
 1.58000E+03
 1.58610E+03
 1.58170E+03
 1.57930E+03
 1.58150E+03
 1.58470E+03
 1.58620E+03
 1.58310E+03
 1.58320E+03
 1.58000E+03
 1.58060E+03
 1.58740E+03
 1.58370E+03
 1.58050E+03
 1.58130E+03
 1.58390E+03
 1.58500E+03
 1.58250E+03
 1.58720E+03
 1.58260E+03
 1.58370E+03
 1.58240E+03
 1.58420E+03
 1.58790E+03
 1.58410E+03
 1.58640E+03
 1.58340E+03
 1.58210E+03
 1.58140E+03
 1.58260E+03
 1.58350E+03
 1.58550E+03
 1.58070E+03
 1.58310E+03
 1.58600E+03
 1.58080E+03
 1.58260E+03
 1.58280E+03
 1.58600E+03
 1.58270E+03
 1.58190E+03
 1.58390E+03
 1.58460E+03
 1.58660E+03
 1.58190E+03
 1.58910E+03
 1.58470E+03
 1.58360E+03
 1.58370E+03
 1.58090E+03
 1.58560E+03
 1.57810E+03
 1.58500E+03
 1.58380E+03
 1.58540E+03
 1.58450E+03
 1.58540E+03
 1.58460E+03
 1.58830E+03
 1.58450E+03
 1.58560E+03
 1.58730E+03
 1.58670E+03
 1.58360E+03
 1.58580E+03
 1.58490E+03
 1.58800E+03
 1.58650E+03
 1.59260E+03
 1.58560E+03
 1.58720E+03
 1.58480E+03
 1.58690E+03
 1.58670E+03
 1.58290E+03
 1.58590E+03
 1.59030E+03
 1.58700E+03
 1.58660E+03
 1.58650E+03
 1.58790E+03
 1.58100E+03
 1.58590E+03
 1.58600E+03
 1.58750E+03
 1.58980E+03
 1.59020E+03
 1.58670E+03
 1.58770E+03
 1.58510E+03
 1.58860E+03
 1.58910E+03
 1.58720E+03
 1.58610E+03
 1.58890E+03
 1.58920E+03
 1.58780E+03
 1.58460E+03
 1.58500E+03
 1.58880E+03
 1.58270E+03
 1.58370E+03
 1.58420E+03
 1.58680E+03
 1.59130E+03
 1.58930E+03
 1.58810E+03
 1.58690E+03
 1.58690E+03
 1.58900E+03
 1.59300E+03
 1.59110E+03
 1.58520E+03
 1.58880E+03
 1.58690E+03
 1.58410E+03
 1.58590E+03
 1.59120E+03
 1.59040E+03
 1.59010E+03
 1.58710E+03
 1.58360E+03
 1.58510E+03
 1.58920E+03
 1.58670E+03
 1.58680E+03
 1.59190E+03
 1.59160E+03
 1.58990E+03
 1.58830E+03
 1.59430E+03
 1.58920E+03
 1.58790E+03
 1.58650E+03
 1.58760E+03
 1.58910E+03
 1.58870E+03
 1.59090E+03
 1.58890E+03
 1.58530E+03
 1.58990E+03
 1.59080E+03
 1.58920E+03
 1.58810E+03
 1.58580E+03
 1.59090E+03
 1.58610E+03
 1.59590E+03
 1.59060E+03
 1.59150E+03
 1.58560E+03
 1.59320E+03
 1.58680E+03
 1.58890E+03
 1.59170E+03
 1.59050E+03
 1.58960E+03
 1.58740E+03
 1.59200E+03
 1.59320E+03
 1.59020E+03
 1.58930E+03
 1.59280E+03
 1.59000E+03
 1.58990E+03
 1.58830E+03
 1.58740E+03
 1.59240E+03
 1.59140E+03
 1.58950E+03
 1.58840E+03
 1.59210E+03
 1.58870E+03
 1.58980E+03
 1.59040E+03
 1.58760E+03
 1.59460E+03
 1.59120E+03
 1.59330E+03
 1.59120E+03
 1.59270E+03
 1.59340E+03
 1.59480E+03
 1.59310E+03
 1.59320E+03
 1.59100E+03
 1.59120E+03
 1.59460E+03
 1.59560E+03
 1.59000E+03
 1.59170E+03
 1.59220E+03
 1.59090E+03
 1.59500E+03
 1.59120E+03
 1.59170E+03
 1.59130E+03
 1.59420E+03
 1.58800E+03
 1.59140E+03
 1.58830E+03
 1.58970E+03
 1.59380E+03
 1.59120E+03
 1.58710E+03
 1.59560E+03
 1.59090E+03
 1.58910E+03
 1.59270E+03
 1.59440E+03
 1.58970E+03
 1.58700E+03
 1.59190E+03
 1.59040E+03
 1.58780E+03
 1.59000E+03
 1.59120E+03
 1.59000E+03
 1.59210E+03
 1.58830E+03
 1.59150E+03
 1.59440E+03
 1.59310E+03
 1.58940E+03
 1.59500E+03
 1.59290E+03
 1.59730E+03
 1.59130E+03
 1.59500E+03
 1.59350E+03
 1.58900E+03
 1.59520E+03
 1.59250E+03
 1.59380E+03
 1.59200E+03
 1.59220E+03
 1.59520E+03
 1.59120E+03
 1.59060E+03
 1.59530E+03
 1.59410E+03
 1.59560E+03
 1.59560E+03
 1.59290E+03
 1.59400E+03
 1.59820E+03
 1.59050E+03
 1.59270E+03
 1.59560E+03
 1.59480E+03
 1.59200E+03
 1.58950E+03
 1.59460E+03
 1.59170E+03
 1.59290E+03
 1.59580E+03
 1.59470E+03
 1.59660E+03
 1.59660E+03
 1.59330E+03
 1.59420E+03
 1.59910E+03
 1.59630E+03
 1.59570E+03
 1.59500E+03
 1.59970E+03
 1.59340E+03
 1.59590E+03
 1.59390E+03
 1.59460E+03
 1.59370E+03
 1.59740E+03
 1.59990E+03
 1.59790E+03
 1.59750E+03
 1.59570E+03
 1.59590E+03
 1.59440E+03
 1.59760E+03
 1.59100E+03
 1.59500E+03
 1.59710E+03
 1.59240E+03
 1.59620E+03
 1.59640E+03
 1.59610E+03
 1.59780E+03
 1.59930E+03
 1.59320E+03
 1.59790E+03
 1.59480E+03
 1.59490E+03
 1.59550E+03
 1.59310E+03
 1.59410E+03
 1.59720E+03
 1.59770E+03
 1.59860E+03
 1.59480E+03
 1.59610E+03
 1.59900E+03
 1.59520E+03
 1.59810E+03
 1.59010E+03
 1.60240E+03
 1.59590E+03
 1.59800E+03
 1.60190E+03
 1.59290E+03
 1.59200E+03
 1.60050E+03
 1.59470E+03
 1.60110E+03
 1.59650E+03
 1.59770E+03
 1.59360E+03
 1.59820E+03
 1.59520E+03
 1.59990E+03
 1.59720E+03
 1.59440E+03
 1.59490E+03
 1.59660E+03
 1.59660E+03
 1.60000E+03
 1.59550E+03
 1.59830E+03
 1.59540E+03
 1.59630E+03
 1.60170E+03
 1.59630E+03
 1.60070E+03
 1.59680E+03
 1.59900E+03
 1.60300E+03
 1.59640E+03
 1.59820E+03
 1.59720E+03
 1.59800E+03
 1.60330E+03
 1.59680E+03
 1.59400E+03
 1.59700E+03
 1.59810E+03
 1.60120E+03
 1.59570E+03
 1.59770E+03
 1.59780E+03
 1.60050E+03
 1.60110E+03
 1.59760E+03
 1.60130E+03
 1.59740E+03
 1.59530E+03
 1.59990E+03
 1.60000E+03
 1.59520E+03
 1.60010E+03
 1.59600E+03
 1.59990E+03
 1.60090E+03
 1.59900E+03
 1.59830E+03
 1.59800E+03
 1.59660E+03
 1.59770E+03
 1.60040E+03
 1.59810E+03
 1.60170E+03
 1.60230E+03
 1.59960E+03
 1.60100E+03
 1.59690E+03
 1.59960E+03
 1.60070E+03
 1.60400E+03
 1.59940E+03
 1.59800E+03
 1.59690E+03
 1.59780E+03
 1.59160E+03
 1.59180E+03
 1.59850E+03
 1.60070E+03
 1.59730E+03
 1.59490E+03
 1.59950E+03
 1.60460E+03
 1.59980E+03
 1.59840E+03
 1.60210E+03
 1.59950E+03
 1.59920E+03
 1.59510E+03
 1.60080E+03
 1.59820E+03
 1.59920E+03
 1.59920E+03
 1.59860E+03
 1.59900E+03
 1.59450E+03
 1.60040E+03
 1.60550E+03
 1.59940E+03
 1.60280E+03
 1.59910E+03
 1.60020E+03
 1.59970E+03
 1.60260E+03
 1.60000E+03
 1.59630E+03
 1.60050E+03
 1.59620E+03
 1.59600E+03
 1.59980E+03
 1.59620E+03
 1.59890E+03
 1.59720E+03
 1.60330E+03
 1.60310E+03
 1.59870E+03
 1.60610E+03
 1.60480E+03
 1.60210E+03
 1.59630E+03
 1.59920E+03
 1.60380E+03
 1.60080E+03
 1.59680E+03
 1.59950E+03
 1.59850E+03
 1.59910E+03
 1.59960E+03
 1.59940E+03
 1.60280E+03
 1.60010E+03
 1.60090E+03
 1.59850E+03
 1.60350E+03
 1.59890E+03
 1.60400E+03
 1.59820E+03
 1.59890E+03
 1.59780E+03
 1.60110E+03
 1.60180E+03
 1.59860E+03
 1.60100E+03
 1.60070E+03
 1.60270E+03
 1.60090E+03
 1.60480E+03
 1.60350E+03
 1.60240E+03
 1.59980E+03
 1.60060E+03
 1.59790E+03
 1.60080E+03
 1.59920E+03
 1.60180E+03
 1.60040E+03
 1.60030E+03
 1.60130E+03
 1.59870E+03
 1.60410E+03
 1.59870E+03
 1.60490E+03
 1.60190E+03
 1.59690E+03
 1.59880E+03
 1.60380E+03
 1.60080E+03
 1.60350E+03
 1.60590E+03
 1.59990E+03
 1.59910E+03
 1.60120E+03
 1.60260E+03
 1.59780E+03
 1.60170E+03
 1.59970E+03
 1.59890E+03
 1.60210E+03
 1.59960E+03
 1.60060E+03
 1.60660E+03
 1.60490E+03
 1.60000E+03
 1.59980E+03
 1.60460E+03
 1.60280E+03
 1.60460E+03
 1.60440E+03
 1.60390E+03
 1.60570E+03
 1.60570E+03
 1.59930E+03
 1.59590E+03
 1.60270E+03
 1.60390E+03
 1.60250E+03
 1.60190E+03
 1.60480E+03
 1.60910E+03
 1.59840E+03
 1.59710E+03
 1.60080E+03
 1.59900E+03
 1.60610E+03
 1.60210E+03
 1.60040E+03
 1.59830E+03
 1.60200E+03
 1.59790E+03
 1.60330E+03
 1.60300E+03
 1.60450E+03
 1.60240E+03
 1.60630E+03
 1.59710E+03
 1.60280E+03
 1.60190E+03
 1.59730E+03
 1.60250E+03
 1.60660E+03
 1.59880E+03
 1.60020E+03
 1.60300E+03
 1.60500E+03
 1.59940E+03
 1.60210E+03
 1.60370E+03
 1.60080E+03
 1.60370E+03
 1.60210E+03
 1.60000E+03
 1.60010E+03
 1.60590E+03
 1.59880E+03
 1.60210E+03
 1.60080E+03
 1.60190E+03
 1.60320E+03
 1.60140E+03
 1.60020E+03
 1.59870E+03
 1.60040E+03
 1.60420E+03
 1.60030E+03
 1.60120E+03
 1.59990E+03
 1.60290E+03
 1.60080E+03
 1.60290E+03
 1.60130E+03
 1.60200E+03
 1.60300E+03
 1.60010E+03
 1.60430E+03
 1.60320E+03
 1.60200E+03
 1.60380E+03
 1.59960E+03
 1.60390E+03
 1.60140E+03
 1.59580E+03
 1.59690E+03
 1.60250E+03
 1.60310E+03
 1.60310E+03
 1.60180E+03
 1.59670E+03
 1.60370E+03
 1.60070E+03
 1.59970E+03
 1.59700E+03
 1.60250E+03
 1.60190E+03
 1.60220E+03
 1.60330E+03
 1.59930E+03
 1.59900E+03
 1.60060E+03
 1.59770E+03
 1.60020E+03
 1.59850E+03
 1.59910E+03
 1.60370E+03
 1.59790E+03
 1.60130E+03
 1.59880E+03
 1.60380E+03
 1.60010E+03
 1.60100E+03
 1.60020E+03
 1.59660E+03
 1.59960E+03
 1.60080E+03
 1.60090E+03
 1.60020E+03
 1.60430E+03
 1.60040E+03
 1.60580E+03
 1.60340E+03
 1.60030E+03
 1.60000E+03
 1.60310E+03
 1.60270E+03
 1.60570E+03
 1.59790E+03
 1.60260E+03
 1.60260E+03
 1.60120E+03
 1.60060E+03
 1.60290E+03
 1.60200E+03
 1.60490E+03
 1.60070E+03
 1.60000E+03
 1.59870E+03
 1.59980E+03
 1.59930E+03
 1.60100E+03
 1.59800E+03
 1.60120E+03
 1.60150E+03
 1.60260E+03
 1.60440E+03
 1.59790E+03
 1.59450E+03
 1.60070E+03
 1.60230E+03
 1.60180E+03
 1.60150E+03
 1.60050E+03
 1.60450E+03
 1.60730E+03
 1.60140E+03
 1.59880E+03
 1.60190E+03
 1.60220E+03
 1.60120E+03
 1.60430E+03
 1.59910E+03
 1.60280E+03
 1.60160E+03
 1.60140E+03
 1.60260E+03
 1.60240E+03
 1.59560E+03
 1.60080E+03
 1.60280E+03
 1.60400E+03
 1.60040E+03
 1.59890E+03
 1.60020E+03
 1.60150E+03
 1.60410E+03
 1.59630E+03
 1.60020E+03
 1.60280E+03
 1.60320E+03
 1.60220E+03
 1.60430E+03
 1.60430E+03
 1.60120E+03
 1.60500E+03
 1.59920E+03
 1.60270E+03
 1.60250E+03
 1.60010E+03
 1.60130E+03
 1.59820E+03
 1.60610E+03
 1.60080E+03
 1.60280E+03
 1.60350E+03
 1.60600E+03
 1.60190E+03
 1.60050E+03
 1.60000E+03
 1.60270E+03
 1.59730E+03
 1.59920E+03
 1.60540E+03
 1.59960E+03
 1.60420E+03
 1.60330E+03
 1.60160E+03
 1.60420E+03
 1.60520E+03
 1.60280E+03
 1.60080E+03
