 1.55860E+03
 1.56010E+03
 1.56070E+03
 1.56130E+03
 1.56010E+03
 1.56000E+03
 1.56040E+03
 1.55990E+03
 1.56010E+03
 1.55960E+03
 1.56050E+03
 1.55860E+03
 1.55930E+03
 1.55990E+03
 1.56090E+03
 1.55830E+03
 1.56180E+03
 1.56090E+03
 1.56050E+03
 1.55980E+03
 1.56120E+03
 1.56210E+03
 1.55940E+03
 1.56050E+03
 1.56170E+03
 1.56110E+03
 1.56070E+03
 1.55970E+03
 1.56270E+03
 1.55850E+03
 1.55850E+03
 1.55950E+03
 1.55800E+03
 1.55790E+03
 1.55930E+03
 1.56220E+03
 1.55960E+03
 1.56010E+03
 1.56170E+03
 1.55960E+03
 1.55980E+03
 1.56020E+03
 1.56200E+03
 1.55900E+03
 1.56020E+03
 1.55970E+03
 1.56000E+03
 1.56010E+03
 1.56100E+03
 1.56370E+03
 1.56220E+03
 1.56040E+03
 1.56150E+03
 1.56140E+03
 1.56060E+03
 1.56240E+03
 1.57080E+03
 1.61920E+03
 1.67000E+03
 1.63420E+03
 1.57740E+03
 1.56410E+03
 1.56100E+03
 1.56220E+03
 1.55840E+03
 1.55910E+03
 1.56110E+03
 1.56060E+03
 1.56000E+03
 1.55940E+03
 1.56040E+03
 1.56190E+03
 1.56020E+03
 1.55900E+03
 1.56220E+03
 1.55970E+03
 1.56040E+03
 1.56040E+03
 1.56600E+03
 1.56930E+03
 1.58140E+03
 1.60330E+03
 1.61990E+03
 1.65600E+03
 1.70440E+03
 1.73910E+03
 1.76620E+03
 1.77930E+03
 1.78090E+03
 1.78420E+03
 1.79180E+03
 1.80490E+03
 1.79490E+03
 1.80980E+03
 1.79000E+03
 1.80070E+03
 1.79750E+03
 1.79850E+03
 1.80100E+03
 1.81000E+03
 1.81240E+03
 1.82520E+03
 1.87640E+03
 2.01430E+03
 2.29210E+03
 2.47430E+03
 2.54930E+03
 2.69980E+03
 3.29860E+03
 3.81660E+03
 3.15960E+03
 2.61060E+03
 2.91750E+03
 2.72720E+03
 2.13370E+03
 1.86890E+03
 1.82600E+03
 1.81900E+03
 1.81530E+03
 1.80970E+03
 1.81400E+03
 1.80540E+03
 1.80930E+03
 1.82900E+03
 1.83270E+03
 1.86250E+03
 1.89450E+03
 2.10130E+03
 2.68810E+03
 3.73600E+03
 3.93070E+03
 2.92480E+03
 2.12790E+03
 1.87730E+03
 1.84090E+03
 1.85310E+03
 1.91080E+03
 1.99330E+03
 1.99870E+03
 1.89750E+03
 1.82920E+03
 1.79650E+03
 1.79720E+03
 1.79230E+03
 1.78870E+03
 1.78360E+03
 1.79130E+03
 1.78540E+03
 1.81090E+03
 1.82280E+03
 1.87630E+03
 1.92050E+03
 1.97990E+03
 1.96070E+03
 1.92620E+03
 1.87980E+03
 1.85060E+03
 1.84130E+03
 1.84000E+03
 1.87990E+03
 2.00810E+03
 2.22930E+03
 2.48640E+03
 2.50000E+03
 2.29320E+03
 2.16780E+03
 2.23510E+03
 2.34170E+03
 2.26710E+03
 2.09310E+03
 1.91990E+03
 1.85030E+03
 1.81460E+03
 1.82020E+03
 1.83820E+03
 1.91210E+03
 2.02760E+03
 2.04720E+03
 1.97360E+03
 1.88110E+03
 1.86970E+03
 1.87530E+03
 1.91580E+03
 1.99010E+03
 2.02330E+03
 1.99960E+03
 2.05210E+03
 2.06140E+03
 2.01740E+03
 1.88850E+03
 1.84030E+03
 1.82480E+03
 1.83810E+03
 1.84630E+03
 1.85070E+03
 1.88420E+03
 1.96220E+03
 2.05200E+03
 2.07200E+03
 2.06800E+03
 2.05690E+03
 2.10810E+03
 2.10040E+03
 2.04000E+03
 1.95230E+03
 1.95340E+03
 2.03410E+03
 2.20730E+03
 2.43110E+03
 2.49850E+03
 2.26850E+03
 2.01410E+03
 1.88090E+03
 1.83420E+03
 1.81040E+03
 1.78680E+03
 1.78480E+03
 1.77120E+03
 1.75950E+03
 1.75530E+03
 1.75140E+03
 1.74990E+03
 1.75650E+03
 1.75210E+03
 1.76450E+03
 1.76210E+03
 1.75060E+03
 1.75010E+03
 1.75990E+03
 1.76360E+03
 1.77080E+03
 1.76120E+03
 1.76380E+03
 1.76150E+03
 1.75200E+03
 1.76210E+03
 1.75310E+03
 1.75270E+03
 1.74580E+03
 1.75440E+03
 1.75460E+03
 1.75490E+03
 1.75920E+03
 1.75860E+03
 1.76040E+03
 1.76120E+03
 1.76300E+03
 1.75770E+03
 1.75110E+03
 1.75880E+03
 1.77200E+03
 1.75890E+03
 1.75860E+03
 1.75250E+03
 1.74450E+03
 1.73450E+03
 1.74730E+03
 1.73700E+03
 1.73750E+03
 1.73210E+03
 1.73890E+03
 1.74230E+03
 1.73780E+03
 1.73670E+03
 1.73900E+03
 1.73820E+03
 1.73010E+03
 1.73730E+03
 1.73900E+03
 1.74100E+03
 1.74210E+03
 1.74110E+03
 1.73520E+03
 1.74730E+03
 1.73420E+03
 1.74010E+03
 1.73560E+03
 1.73680E+03
 1.73430E+03
 1.73520E+03
 1.73820E+03
 1.73990E+03
 1.73510E+03
 1.72640E+03
 1.71750E+03
 1.72340E+03
 1.72580E+03
 1.71670E+03
 1.72070E+03
 1.72090E+03
 1.70400E+03
 1.71710E+03
 1.71170E+03
 1.72150E+03
 1.71810E+03
 1.71850E+03
 1.70890E+03
 1.71480E+03
 1.71420E+03
 1.71300E+03
 1.71170E+03
 1.71450E+03
 1.70870E+03
 1.69920E+03
 1.70370E+03
 1.70040E+03
 1.69190E+03
 1.70480E+03
 1.69570E+03
 1.70890E+03
 1.69980E+03
 1.69360E+03
 1.69430E+03
 1.70230E+03
 1.69180E+03
 1.69730E+03
 1.69570E+03
 1.68940E+03
 1.68590E+03
 1.68100E+03
 1.68930E+03
 1.68190E+03
 1.68250E+03
 1.68040E+03
 1.68400E+03
 1.67890E+03
 1.67310E+03
 1.67580E+03
 1.66790E+03
 1.67760E+03
 1.67100E+03
 1.67550E+03
 1.67600E+03
 1.67810E+03
 1.67090E+03
 1.66920E+03
 1.67350E+03
 1.67710E+03
 1.67540E+03
 1.68710E+03
 1.67990E+03
 1.67140E+03
 1.67300E+03
 1.66160E+03
 1.66590E+03
 1.66660E+03
 1.66370E+03
 1.66380E+03
 1.66680E+03
 1.65860E+03
 1.66140E+03
 1.66170E+03
 1.65610E+03
 1.65410E+03
 1.66260E+03
 1.66150E+03
 1.65520E+03
 1.65920E+03
 1.65160E+03
 1.65640E+03
 1.65520E+03
 1.65350E+03
 1.66200E+03
 1.66010E+03
 1.65620E+03
 1.65940E+03
 1.66290E+03
 1.65410E+03
 1.65590E+03
 1.64940E+03
 1.65260E+03
 1.64900E+03
 1.65460E+03
 1.64140E+03
 1.64610E+03
 1.64700E+03
 1.65020E+03
 1.65130E+03
 1.64840E+03
 1.64940E+03
 1.64690E+03
 1.63730E+03
 1.64360E+03
 1.64300E+03
 1.64690E+03
 1.63870E+03
 1.64270E+03
 1.64130E+03
 1.64460E+03
 1.64120E+03
 1.64010E+03
 1.63470E+03
 1.65020E+03
 1.64250E+03
 1.64100E+03
 1.64110E+03
 1.63470E+03
 1.64470E+03
 1.63680E+03
 1.64150E+03
 1.63670E+03
 1.64070E+03
 1.63490E+03
 1.63660E+03
 1.63710E+03
 1.63760E+03
 1.63390E+03
 1.64200E+03
 1.63320E+03
 1.63910E+03
 1.64430E+03
 1.64950E+03
 1.64580E+03
 1.64800E+03
 1.63730E+03
 1.63640E+03
 1.63720E+03
 1.63700E+03
 1.63010E+03
 1.62680E+03
 1.63100E+03
 1.62910E+03
 1.62960E+03
 1.62520E+03
 1.62780E+03
 1.62780E+03
 1.62370E+03
 1.62160E+03
 1.62370E+03
 1.62680E+03
 1.62460E+03
 1.62280E+03
 1.62120E+03
 1.62260E+03
 1.62660E+03
 1.62340E+03
 1.62080E+03
 1.62270E+03
 1.62260E+03
 1.62320E+03
 1.62600E+03
 1.61830E+03
 1.62050E+03
 1.62190E+03
 1.61990E+03
 1.61550E+03
 1.62730E+03
 1.61910E+03
 1.61860E+03
 1.61850E+03
 1.61690E+03
 1.61890E+03
 1.62490E+03
 1.61830E+03
 1.61600E+03
 1.61180E+03
 1.61430E+03
 1.61380E+03
 1.61360E+03
 1.61580E+03
 1.61650E+03
 1.62230E+03
 1.61530E+03
 1.61330E+03
 1.61400E+03
 1.61080E+03
 1.61400E+03
 1.61680E+03
 1.61030E+03
 1.61510E+03
 1.61540E+03
 1.61150E+03
 1.61150E+03
 1.60920E+03
 1.61310E+03
 1.61500E+03
 1.61490E+03
 1.61580E+03
 1.61880E+03
 1.61470E+03
 1.60960E+03
 1.60920E+03
 1.61680E+03
 1.61610E+03
 1.61100E+03
 1.61270E+03
 1.61550E+03
 1.61400E+03
 1.61260E+03
 1.60970E+03
 1.61600E+03
 1.60760E+03
 1.61400E+03
 1.61340E+03
 1.61170E+03
 1.61010E+03
 1.61000E+03
 1.61170E+03
 1.61650E+03
 1.61240E+03
 1.60930E+03
 1.61350E+03
 1.61000E+03
 1.61040E+03
 1.60940E+03
 1.61040E+03
 1.60890E+03
 1.60960E+03
 1.60920E+03
 1.60780E+03
 1.61370E+03
 1.61040E+03
 1.61200E+03
 1.60890E+03
 1.61250E+03
 1.61200E+03
 1.60790E+03
 1.61050E+03
 1.60520E+03
 1.60640E+03
 1.60880E+03
 1.60860E+03
 1.60840E+03
 1.61290E+03
 1.61080E+03
 1.60970E+03
 1.60350E+03
 1.60670E+03
 1.60930E+03
 1.60460E+03
 1.60310E+03
 1.60740E+03
 1.60330E+03
 1.60560E+03
 1.60900E+03
 1.60800E+03
 1.60430E+03
 1.60000E+03
 1.60370E+03
 1.61210E+03
 1.60670E+03
 1.61210E+03
 1.60390E+03
 1.60920E+03
 1.60510E+03
 1.60810E+03
 1.60800E+03
 1.60350E+03
 1.61060E+03
 1.60090E+03
 1.61040E+03
 1.60470E+03
 1.60350E+03
 1.60580E+03
 1.60680E+03
 1.60540E+03
 1.60550E+03
 1.60580E+03
 1.60320E+03
 1.60280E+03
 1.60460E+03
 1.60580E+03
 1.60270E+03
 1.60890E+03
 1.60280E+03
 1.60470E+03
 1.60440E+03
 1.60540E+03
 1.59940E+03
 1.60110E+03
 1.60550E+03
 1.60440E+03
 1.60710E+03
 1.60340E+03
 1.60090E+03
 1.60100E+03
 1.60320E+03
 1.60500E+03
 1.60390E+03
 1.60160E+03
 1.59970E+03
 1.60300E+03
 1.60310E+03
 1.60070E+03
 1.59640E+03
 1.60280E+03
 1.59950E+03
 1.60160E+03
 1.60010E+03
 1.60190E+03
 1.60330E+03
 1.60760E+03
 1.60400E+03
 1.59890E+03
 1.59720E+03
 1.59810E+03
 1.60260E+03
 1.60260E+03
 1.60370E+03
 1.60360E+03
 1.60120E+03
 1.60140E+03
 1.60390E+03
 1.59840E+03
 1.59930E+03
 1.60050E+03
 1.60050E+03
 1.60000E+03
 1.60020E+03
 1.59600E+03
 1.60000E+03
 1.59990E+03
 1.59830E+03
 1.59970E+03
 1.60300E+03
 1.60240E+03
 1.60440E+03
 1.60010E+03
 1.60390E+03
 1.59920E+03
 1.59770E+03
 1.59950E+03
 1.60140E+03
 1.60100E+03
 1.60520E+03
 1.60170E+03
 1.60270E+03
 1.60180E+03
 1.60010E+03
 1.59720E+03
 1.60370E+03
 1.60240E+03
 1.60040E+03
 1.60190E+03
 1.59960E+03
 1.60490E+03
 1.60760E+03
 1.60460E+03
 1.60150E+03
 1.59970E+03
 1.60680E+03
 1.60060E+03
 1.59670E+03
 1.59890E+03
 1.59920E+03
 1.60540E+03
 1.60370E+03
 1.60160E+03
 1.60100E+03
 1.60110E+03
 1.59870E+03
 1.59400E+03
 1.59970E+03
 1.60270E+03
 1.60010E+03
 1.60300E+03
 1.59760E+03
 1.59950E+03
 1.60170E+03
 1.60170E+03
 1.59590E+03
 1.59740E+03
 1.59960E+03
 1.59930E+03
 1.59280E+03
 1.59600E+03
 1.59370E+03
 1.59770E+03
 1.59560E+03
 1.59420E+03
 1.59700E+03
 1.59800E+03
 1.59780E+03
 1.59620E+03
 1.59710E+03
 1.59260E+03
 1.59500E+03
 1.59420E+03
 1.58780E+03
 1.58810E+03
 1.58720E+03
 1.59680E+03
 1.59280E+03
 1.59190E+03
 1.58940E+03
 1.59600E+03
 1.58850E+03
 1.59090E+03
 1.58680E+03
 1.59540E+03
 1.59010E+03
 1.59720E+03
 1.59480E+03
 1.59270E+03
 1.58930E+03
 1.59070E+03
 1.59030E+03
 1.59020E+03
 1.59850E+03
 1.59350E+03
 1.59090E+03
 1.59030E+03
 1.59130E+03
 1.58990E+03
 1.58790E+03
 1.59030E+03
 1.59220E+03
 1.58920E+03
 1.58550E+03
 1.59110E+03
 1.59210E+03
 1.59130E+03
 1.58880E+03
 1.58880E+03
 1.58860E+03
 1.58890E+03
 1.59100E+03
 1.58610E+03
 1.58920E+03
 1.59250E+03
 1.59070E+03
 1.58770E+03
 1.59270E+03
 1.59080E+03
 1.59030E+03
 1.59210E+03
 1.58990E+03
 1.58990E+03
 1.59020E+03
 1.58950E+03
 1.59170E+03
 1.58700E+03
 1.59200E+03
 1.58800E+03
 1.58660E+03
 1.58960E+03
 1.59130E+03
 1.58970E+03
 1.59130E+03
 1.59240E+03
 1.59010E+03
 1.59270E+03
 1.58920E+03
 1.58790E+03
 1.59010E+03
 1.58660E+03
 1.59350E+03
 1.59080E+03
 1.59020E+03
 1.59050E+03
 1.59070E+03
 1.58890E+03
 1.59200E+03
 1.59340E+03
 1.59310E+03
 1.59030E+03
 1.58740E+03
 1.58690E+03
 1.58910E+03
 1.58960E+03
 1.59010E+03
 1.59220E+03
 1.58950E+03
 1.59020E+03
 1.59170E+03
 1.58840E+03
 1.58810E+03
 1.59360E+03
 1.58840E+03
 1.59180E+03
 1.58710E+03
 1.58960E+03
 1.58720E+03
 1.58850E+03
 1.58910E+03
 1.58590E+03
 1.58480E+03
 1.58930E+03
 1.58750E+03
 1.58680E+03
 1.58880E+03
 1.59000E+03
 1.58720E+03
 1.58970E+03
 1.58510E+03
 1.59000E+03
 1.58690E+03
 1.58940E+03
 1.58940E+03
 1.58780E+03
 1.59520E+03
 1.58570E+03
 1.58980E+03
 1.58630E+03
 1.59310E+03
 1.58910E+03
 1.58910E+03
 1.58810E+03
 1.58690E+03
 1.58930E+03
 1.59050E+03
 1.58870E+03
 1.58770E+03
 1.58990E+03
 1.58810E+03
 1.59180E+03
 1.58990E+03
 1.58660E+03
 1.58700E+03
 1.58850E+03
 1.59010E+03
 1.58600E+03
 1.58720E+03
 1.58970E+03
 1.59110E+03
 1.58490E+03
 1.59190E+03
 1.58590E+03
 1.58450E+03
 1.58870E+03
 1.58500E+03
 1.58660E+03
 1.58850E+03
 1.58840E+03
 1.58870E+03
 1.58370E+03
 1.58710E+03
 1.58860E+03
 1.58820E+03
 1.58930E+03
 1.58960E+03
 1.58390E+03
 1.58970E+03
 1.58400E+03
 1.58800E+03
 1.58870E+03
 1.58780E+03
 1.58600E+03
 1.58950E+03
 1.58750E+03
 1.58850E+03
 1.58390E+03
 1.58740E+03
 1.58350E+03
 1.58600E+03
 1.58600E+03
 1.58490E+03
 1.58450E+03
 1.58540E+03
 1.58480E+03
 1.58520E+03
 1.58440E+03
 1.58320E+03
 1.58280E+03
 1.58730E+03
 1.58750E+03
 1.58840E+03
 1.58800E+03
 1.58490E+03
 1.58780E+03
 1.58580E+03
 1.58480E+03
 1.58480E+03
 1.58590E+03
 1.58570E+03
 1.58650E+03
 1.58930E+03
 1.58850E+03
 1.58300E+03
 1.58930E+03
 1.59080E+03
 1.58730E+03
 1.58330E+03
 1.58540E+03
 1.58820E+03
 1.58860E+03
 1.58730E+03
 1.58570E+03
 1.58490E+03
 1.58440E+03
 1.58660E+03
 1.58570E+03
 1.58510E+03
 1.58720E+03
 1.58350E+03
 1.58550E+03
 1.58870E+03
 1.58500E+03
 1.58780E+03
 1.58610E+03
 1.58850E+03
 1.58720E+03
 1.58560E+03
 1.58500E+03
 1.58990E+03
 1.58400E+03
 1.58310E+03
 1.57940E+03
 1.58590E+03
 1.58610E+03
 1.58900E+03
 1.58290E+03
 1.58900E+03
 1.58910E+03
 1.58690E+03
 1.59350E+03
 1.58780E+03
 1.58420E+03
 1.58650E+03
 1.58510E+03
 1.58930E+03
 1.58500E+03
 1.58160E+03
 1.58550E+03
 1.58740E+03
 1.58530E+03
 1.58700E+03
 1.58470E+03
 1.58410E+03
 1.58270E+03
 1.58440E+03
 1.58350E+03
 1.58600E+03
 1.58700E+03
 1.58760E+03
 1.58170E+03
 1.58690E+03
 1.58630E+03
 1.58550E+03
 1.58910E+03
 1.58650E+03
 1.58760E+03
 1.58500E+03
 1.58400E+03
 1.58210E+03
 1.58530E+03
 1.58580E+03
 1.58170E+03
 1.58990E+03
 1.58360E+03
 1.58610E+03
 1.58450E+03
 1.58510E+03
 1.59030E+03
 1.58170E+03
 1.58780E+03
 1.58240E+03
 1.58390E+03
 1.58410E+03
 1.58300E+03
 1.58920E+03
 1.58480E+03
 1.58880E+03
 1.58070E+03
 1.58840E+03
 1.58590E+03
 1.58900E+03
 1.58640E+03
 1.58640E+03
 1.58500E+03
 1.58200E+03
 1.58640E+03
 1.58850E+03
 1.58400E+03
 1.58680E+03
 1.58510E+03
 1.58720E+03
 1.58930E+03
 1.58880E+03
 1.58920E+03
 1.58400E+03
 1.58290E+03
 1.58690E+03
 1.58650E+03
 1.58770E+03
 1.58530E+03
 1.58570E+03
 1.58470E+03
 1.58500E+03
 1.58510E+03
 1.58680E+03
 1.58790E+03
 1.58480E+03
 1.58790E+03
 1.58160E+03
 1.58670E+03
 1.58590E+03
 1.58770E+03
 1.58550E+03
 1.58630E+03
 1.58710E+03
 1.58490E+03
 1.58760E+03
 1.59120E+03
 1.58840E+03
 1.58710E+03
 1.58420E+03
 1.58630E+03
 1.58380E+03
 1.58460E+03
 1.58780E+03
 1.58620E+03
 1.58240E+03
 1.58350E+03
 1.58560E+03
 1.58440E+03
 1.58430E+03
 1.58720E+03
 1.58730E+03
 1.58460E+03
 1.58060E+03
 1.58300E+03
 1.58870E+03
 1.58960E+03
 1.58230E+03
 1.58550E+03
 1.58970E+03
 1.58350E+03
 1.58410E+03
 1.58930E+03
 1.58490E+03
 1.58590E+03
 1.58590E+03
 1.58690E+03
 1.58810E+03
 1.58310E+03
 1.58700E+03
 1.58590E+03
 1.58450E+03
 1.58630E+03
 1.59090E+03
 1.58670E+03
 1.58500E+03
 1.58630E+03
 1.58430E+03
 1.58230E+03
 1.58850E+03
 1.58230E+03
 1.58800E+03
 1.58830E+03
 1.58440E+03
 1.58430E+03
 1.58370E+03
 1.58690E+03
 1.58590E+03
 1.58580E+03
 1.58650E+03
 1.58520E+03
 1.58550E+03
 1.58380E+03
 1.58680E+03
 1.59010E+03
 1.58380E+03
 1.58650E+03
 1.58700E+03
 1.58410E+03
 1.58600E+03
 1.58780E+03
 1.58970E+03
 1.58200E+03
 1.58420E+03
 1.58570E+03
 1.58370E+03
 1.58530E+03
 1.58410E+03
 1.58230E+03
 1.58690E+03
 1.58510E+03
 1.58610E+03
 1.58560E+03
 1.59040E+03
 1.58740E+03
 1.58040E+03
 1.58380E+03
 1.58420E+03
 1.58950E+03
 1.58630E+03
 1.58320E+03
 1.58670E+03
 1.58440E+03
 1.58560E+03
 1.58530E+03
 1.58670E+03
 1.58670E+03
 1.58420E+03
 1.58740E+03
 1.58680E+03
 1.58320E+03
 1.58580E+03
 1.58790E+03
 1.58250E+03
 1.58430E+03
 1.58220E+03
 1.58580E+03
 1.58370E+03
 1.58660E+03
 1.58640E+03
 1.58460E+03
 1.58640E+03
 1.58590E+03
 1.58620E+03
 1.58430E+03
 1.58370E+03
 1.58230E+03
 1.58520E+03
 1.58560E+03
 1.58410E+03
 1.58790E+03
 1.58880E+03
 1.58590E+03
 1.58350E+03
 1.58850E+03
 1.59040E+03
 1.58820E+03
 1.58450E+03
 1.58340E+03
 1.58380E+03
 1.58030E+03
 1.58770E+03
 1.58350E+03
 1.58490E+03
 1.58260E+03
 1.58640E+03
 1.58260E+03
 1.59090E+03
 1.58040E+03
 1.59110E+03
 1.58800E+03
 1.58290E+03
 1.58340E+03
 1.58760E+03
 1.58510E+03
 1.58250E+03
 1.58550E+03
 1.58660E+03
 1.58770E+03
 1.58500E+03
 1.58600E+03
 1.58320E+03
 1.58110E+03
 1.58310E+03
 1.58410E+03
 1.58080E+03
 1.58950E+03
 1.58350E+03
 1.58230E+03
 1.58600E+03
 1.58410E+03
 1.58370E+03
 1.58510E+03
 1.58560E+03
 1.59130E+03
 1.58620E+03
 1.58320E+03
 1.58190E+03
 1.58460E+03
 1.58190E+03
 1.58600E+03
 1.58580E+03
 1.58130E+03
 1.58500E+03
 1.58370E+03
 1.58110E+03
 1.58580E+03
 1.58030E+03
 1.58870E+03
 1.58260E+03
 1.58630E+03
 1.58400E+03
 1.58550E+03
 1.58670E+03
 1.58520E+03
 1.58390E+03
 1.58360E+03
 1.58120E+03
 1.58610E+03
 1.58370E+03
 1.58550E+03
 1.58660E+03
 1.58290E+03
 1.58570E+03
 1.58800E+03
 1.58510E+03
 1.58220E+03
 1.58570E+03
 1.58470E+03
 1.58490E+03
 1.58710E+03
 1.58780E+03
 1.58540E+03
 1.58550E+03
 1.58810E+03
 1.58560E+03
 1.58250E+03
 1.58220E+03
 1.58800E+03
 1.58430E+03
 1.58330E+03
 1.58740E+03
 1.58480E+03
 1.59020E+03
 1.58530E+03
 1.58540E+03
 1.58500E+03
 1.58410E+03
 1.58850E+03
 1.58830E+03
 1.58770E+03
 1.58510E+03
 1.58830E+03
 1.58730E+03
 1.58450E+03
 1.58390E+03
 1.58500E+03
 1.58610E+03
 1.58820E+03
 1.58590E+03
 1.58840E+03
 1.58490E+03
 1.58340E+03
 1.58410E+03
 1.58650E+03
 1.59100E+03
 1.58990E+03
 1.58650E+03
 1.58560E+03
 1.58490E+03
 1.58430E+03
 1.58670E+03
 1.58520E+03
 1.58560E+03
 1.58820E+03
 1.58720E+03
 1.58360E+03
 1.58460E+03
 1.58690E+03
 1.58400E+03
 1.58650E+03
 1.58380E+03
 1.58110E+03
 1.58270E+03
 1.58540E+03
 1.58430E+03
 1.58550E+03
 1.58600E+03
 1.58380E+03
 1.58450E+03
 1.58280E+03
 1.58740E+03
 1.58370E+03
 1.58260E+03
 1.58750E+03
 1.58810E+03
 1.58250E+03
 1.58390E+03
 1.58520E+03
 1.58570E+03
 1.58600E+03
 1.59010E+03
 1.59000E+03
 1.58430E+03
 1.58690E+03
 1.58640E+03
 1.58850E+03
 1.58510E+03
 1.58290E+03
 1.58560E+03
 1.58010E+03
 1.58540E+03
 1.58730E+03
 1.58390E+03
 1.58370E+03
 1.58840E+03
 1.58450E+03
 1.58770E+03
 1.58710E+03
 1.58550E+03
 1.58440E+03
 1.58630E+03
 1.58390E+03
 1.58600E+03
 1.58280E+03
 1.58730E+03
 1.58700E+03
 1.58620E+03
 1.58450E+03
 1.58840E+03
 1.58620E+03
 1.58030E+03
 1.58330E+03
 1.58450E+03
 1.58220E+03
 1.58520E+03
 1.58310E+03
 1.58220E+03
 1.58440E+03
 1.58300E+03
 1.58600E+03
 1.58390E+03
 1.58500E+03
 1.58350E+03
 1.58620E+03
 1.58670E+03
 1.58770E+03
 1.58740E+03
 1.58230E+03
 1.58740E+03
 1.58590E+03
 1.58330E+03
 1.58730E+03
 1.58700E+03
 1.58400E+03
 1.58460E+03
 1.58650E+03
 1.58470E+03
 1.58190E+03
 1.58070E+03
 1.58150E+03
 1.58510E+03
 1.58500E+03
 1.58480E+03
 1.58490E+03
 1.59050E+03
 1.58730E+03
 1.58320E+03
 1.58440E+03
 1.58400E+03
 1.58460E+03
 1.58530E+03
 1.58960E+03
 1.58370E+03
 1.58660E+03
 1.58350E+03
 1.58260E+03
 1.58680E+03
 1.58740E+03
 1.58280E+03
 1.58490E+03
 1.58610E+03
 1.58460E+03
 1.58630E+03
 1.58590E+03
 1.58310E+03
 1.58430E+03
 1.58350E+03
 1.58430E+03
 1.58370E+03
 1.58390E+03
 1.58600E+03
 1.58000E+03
 1.58310E+03
 1.58530E+03
 1.58320E+03
 1.58490E+03
 1.58690E+03
 1.58430E+03
 1.58620E+03
 1.58320E+03
 1.58850E+03
 1.58290E+03
 1.58680E+03
 1.58390E+03
 1.58520E+03
 1.58210E+03
 1.58690E+03
 1.58680E+03
 1.58700E+03
 1.58510E+03
 1.58290E+03
 1.58220E+03
 1.58890E+03
 1.58720E+03
 1.58680E+03
 1.58330E+03
 1.58550E+03
 1.58440E+03
 1.58200E+03
 1.58400E+03
 1.58530E+03
 1.58230E+03
 1.58520E+03
 1.58330E+03
 1.58690E+03
 1.58510E+03
 1.58600E+03
 1.58710E+03
 1.58110E+03
 1.58930E+03
 1.58640E+03
 1.58100E+03
 1.58480E+03
 1.57930E+03
 1.58760E+03
 1.58190E+03
 1.58400E+03
 1.58420E+03
 1.58500E+03
 1.58080E+03
 1.58500E+03
 1.58540E+03
 1.58400E+03
 1.58360E+03
 1.58880E+03
 1.58590E+03
 1.58620E+03
 1.58260E+03
 1.58470E+03
 1.58490E+03
 1.58560E+03
 1.58350E+03
 1.58410E+03
 1.58480E+03
 1.58300E+03
 1.58090E+03
 1.58100E+03
 1.58390E+03
 1.58280E+03
 1.58350E+03
 1.58700E+03
 1.58410E+03
 1.58620E+03
 1.58670E+03
 1.58600E+03
 1.58410E+03
 1.58580E+03
 1.58840E+03
 1.58150E+03
 1.58250E+03
 1.58770E+03
 1.58030E+03
 1.58640E+03
 1.58600E+03
 1.58560E+03
 1.58910E+03
 1.58140E+03
 1.57940E+03
 1.58670E+03
 1.58750E+03
 1.58390E+03
 1.58460E+03
 1.58470E+03
 1.58330E+03
 1.58280E+03
 1.58480E+03
 1.58130E+03
 1.58370E+03
 1.58380E+03
 1.58480E+03
 1.58240E+03
 1.58790E+03
 1.58560E+03
 1.58630E+03
 1.58540E+03
 1.58600E+03
 1.58220E+03
 1.58360E+03
 1.58010E+03
 1.58570E+03
 1.58900E+03
 1.58320E+03
 1.58540E+03
 1.58730E+03
 1.58130E+03
 1.58190E+03
 1.58460E+03
 1.58590E+03
 1.58570E+03
 1.58200E+03
 1.58320E+03
 1.58210E+03
 1.58500E+03
 1.58560E+03
 1.59000E+03
 1.58180E+03
 1.58420E+03
 1.58390E+03
 1.58460E+03
 1.58460E+03
 1.58300E+03
 1.58310E+03
 1.58550E+03
 1.58240E+03
 1.58300E+03
 1.58160E+03
 1.58380E+03
 1.58410E+03
 1.58450E+03
 1.58580E+03
 1.58630E+03
 1.58530E+03
 1.58430E+03
 1.58380E+03
 1.58660E+03
 1.58490E+03
 1.58060E+03
 1.58260E+03
 1.58670E+03
 1.58620E+03
 1.58370E+03
 1.58120E+03
 1.58140E+03
 1.58510E+03
 1.58240E+03
 1.58420E+03
 1.58250E+03
 1.58450E+03
 1.58340E+03
 1.58550E+03
 1.58480E+03
 1.58620E+03
 1.58220E+03
 1.58350E+03
 1.58290E+03
 1.58010E+03
 1.58540E+03
 1.58650E+03
 1.58500E+03
 1.58260E+03
 1.58960E+03
 1.58150E+03
 1.58100E+03
 1.58010E+03
 1.58310E+03
 1.58320E+03
 1.58640E+03
 1.58350E+03
 1.58670E+03
 1.58330E+03
 1.58560E+03
 1.58320E+03
 1.58320E+03
 1.58450E+03
 1.58130E+03
 1.58660E+03
 1.58440E+03
 1.58460E+03
 1.58340E+03
 1.58300E+03
 1.58290E+03
 1.58490E+03
 1.58320E+03
 1.58160E+03
 1.58310E+03
 1.58490E+03
 1.58580E+03
 1.58440E+03
 1.58420E+03
 1.58250E+03
 1.58330E+03
 1.58190E+03
 1.58260E+03
 1.58500E+03
 1.58530E+03
 1.58730E+03
 1.58650E+03
 1.58330E+03
 1.58390E+03
 1.58300E+03
 1.58220E+03
 1.58490E+03
 1.58220E+03
 1.58180E+03
 1.58760E+03
 1.58420E+03
 1.58690E+03
 1.57960E+03
 1.58700E+03
 1.58270E+03
 1.58320E+03
 1.58700E+03
 1.58420E+03
 1.58440E+03
 1.58170E+03
 1.58720E+03
 1.58660E+03
 1.58330E+03
 1.58640E+03
 1.58520E+03
 1.58120E+03
 1.58580E+03
 1.58050E+03
 1.58700E+03
 1.58630E+03
 1.58280E+03
 1.58340E+03
 1.57950E+03
 1.58160E+03
 1.58370E+03
 1.58380E+03
 1.58080E+03
 1.58290E+03
 1.58160E+03
 1.58410E+03
 1.58420E+03
 1.58690E+03
 1.57970E+03
 1.58350E+03
 1.58280E+03
 1.58470E+03
 1.57920E+03
