-1.72737E+02
-1.69713E+02
-1.66690E+02
-1.63668E+02
-1.60647E+02
-1.57627E+02
-1.54608E+02
-1.51591E+02
-1.48574E+02
-1.45559E+02
-1.42544E+02
-1.39531E+02
-1.36519E+02
-1.33507E+02
-1.30497E+02
-1.27488E+02
-1.24480E+02
-1.21473E+02
-1.18467E+02
-1.15462E+02
-1.12459E+02
-1.09456E+02
-1.06454E+02
-1.03454E+02
-1.00454E+02
-9.74556E+01
-9.44582E+01
-9.14618E+01
-8.84665E+01
-8.54722E+01
-8.24790E+01
-7.94869E+01
-7.64958E+01
-7.35058E+01
-7.05168E+01
-6.75289E+01
-6.45420E+01
-6.15562E+01
-5.85714E+01
-5.55877E+01
-5.26050E+01
-4.96234E+01
-4.66428E+01
-4.36633E+01
-4.06848E+01
-3.77074E+01
-3.47310E+01
-3.17556E+01
-2.87814E+01
-2.58081E+01
-2.28359E+01
-1.98647E+01
-1.68946E+01
-1.39255E+01
-1.09575E+01
-7.99052E+00
-5.02457E+00
-2.05965E+00
 9.04220E-01
 3.86705E+00
 6.82885E+00
 9.78961E+00
 1.27493E+01
 1.57080E+01
 1.86657E+01
 2.16223E+01
 2.45779E+01
 2.75324E+01
 3.04859E+01
 3.34384E+01
 3.63898E+01
 3.93402E+01
 4.22896E+01
 4.52380E+01
 4.81853E+01
 5.11316E+01
 5.40768E+01
 5.70211E+01
 5.99643E+01
 6.29064E+01
 6.58476E+01
 6.87877E+01
 7.17268E+01
 7.46649E+01
 7.76019E+01
 8.05380E+01
 8.34730E+01
 8.64069E+01
 8.93399E+01
 9.22718E+01
 9.52027E+01
 9.81326E+01
 1.01061E+02
 1.03989E+02
 1.06916E+02
 1.09842E+02
 1.12767E+02
 1.15691E+02
 1.18613E+02
 1.21535E+02
 1.24456E+02
 1.27376E+02
 1.30294E+02
 1.33212E+02
 1.36129E+02
 1.39044E+02
 1.41959E+02
 1.44873E+02
 1.47785E+02
 1.50697E+02
 1.53607E+02
 1.56517E+02
 1.59426E+02
 1.62333E+02
 1.65240E+02
 1.68145E+02
 1.71050E+02
 1.73953E+02
 1.76856E+02
 1.79757E+02
 1.82658E+02
 1.85558E+02
 1.88456E+02
 1.91354E+02
 1.94250E+02
 1.97146E+02
 2.00040E+02
 2.02934E+02
 2.05826E+02
 2.08718E+02
 2.11608E+02
 2.14498E+02
 2.17386E+02
 2.20274E+02
 2.23160E+02
 2.26046E+02
 2.28930E+02
 2.31814E+02
 2.34696E+02
 2.37578E+02
 2.40459E+02
 2.43338E+02
 2.46217E+02
 2.49094E+02
 2.51971E+02
 2.54847E+02
 2.57721E+02
 2.60595E+02
 2.63467E+02
 2.66339E+02
 2.69210E+02
 2.72079E+02
 2.74948E+02
 2.77816E+02
 2.80682E+02
 2.83548E+02
 2.86413E+02
 2.89277E+02
 2.92139E+02
 2.95001E+02
 2.97862E+02
 3.00722E+02
 3.03581E+02
 3.06439E+02
 3.09295E+02
 3.12151E+02
 3.15006E+02
 3.17860E+02
 3.20713E+02
 3.23565E+02
 3.26416E+02
 3.29266E+02
 3.32115E+02
 3.34963E+02
 3.37811E+02
 3.40657E+02
 3.43502E+02
 3.46346E+02
 3.49189E+02
 3.52031E+02
 3.54873E+02
 3.57713E+02
 3.60552E+02
 3.63391E+02
 3.66228E+02
 3.69065E+02
 3.71900E+02
 3.74734E+02
 3.77568E+02
 3.80401E+02
 3.83232E+02
 3.86063E+02
 3.88892E+02
 3.91721E+02
 3.94549E+02
 3.97376E+02
 4.00201E+02
 4.03026E+02
 4.05850E+02
 4.08673E+02
 4.11495E+02
 4.14316E+02
 4.17136E+02
 4.19955E+02
 4.22773E+02
 4.25590E+02
 4.28406E+02
 4.31222E+02
 4.34036E+02
 4.36849E+02
 4.39662E+02
 4.42473E+02
 4.45284E+02
 4.48093E+02
 4.50902E+02
 4.53709E+02
 4.56516E+02
 4.59321E+02
 4.62126E+02
 4.64930E+02
 4.67733E+02
 4.70535E+02
 4.73336E+02
 4.76136E+02
 4.78935E+02
 4.81733E+02
 4.84530E+02
 4.87326E+02
 4.90121E+02
 4.92916E+02
 4.95709E+02
 4.98501E+02
 5.01293E+02
 5.04083E+02
 5.06873E+02
 5.09662E+02
 5.12449E+02
 5.15236E+02
 5.18022E+02
 5.20807E+02
 5.23591E+02
 5.26374E+02
 5.29156E+02
 5.31937E+02
 5.34717E+02
 5.37496E+02
 5.40275E+02
 5.43052E+02
 5.45828E+02
 5.48604E+02
 5.51378E+02
 5.54152E+02
 5.56925E+02
 5.59697E+02
 5.62467E+02
 5.65237E+02
 5.68006E+02
 5.70774E+02
 5.73541E+02
 5.76308E+02
 5.79073E+02
 5.81837E+02
 5.84600E+02
 5.87363E+02
 5.90124E+02
 5.92885E+02
 5.95645E+02
 5.98403E+02
 6.01161E+02
 6.03918E+02
 6.06674E+02
 6.09429E+02
 6.12183E+02
 6.14936E+02
 6.17689E+02
 6.20440E+02
 6.23190E+02
 6.25940E+02
 6.28689E+02
 6.31436E+02
 6.34183E+02
 6.36929E+02
 6.39674E+02
 6.42418E+02
 6.45161E+02
 6.47903E+02
 6.50644E+02
 6.53384E+02
 6.56124E+02
 6.58862E+02
 6.61600E+02
 6.64337E+02
 6.67072E+02
 6.69807E+02
 6.72541E+02
 6.75274E+02
 6.78006E+02
 6.80737E+02
 6.83468E+02
 6.86197E+02
 6.88925E+02
 6.91653E+02
 6.94380E+02
 6.97105E+02
 6.99830E+02
 7.02554E+02
 7.05277E+02
 7.07999E+02
 7.10720E+02
 7.13441E+02
 7.16160E+02
 7.18879E+02
 7.21596E+02
 7.24313E+02
 7.27029E+02
 7.29743E+02
 7.32457E+02
 7.35170E+02
 7.37883E+02
 7.40594E+02
 7.43304E+02
 7.46014E+02
 7.48722E+02
 7.51430E+02
 7.54137E+02
 7.56842E+02
 7.59547E+02
 7.62252E+02
 7.64955E+02
 7.67657E+02
 7.70358E+02
 7.73059E+02
 7.75758E+02
 7.78457E+02
 7.81155E+02
 7.83852E+02
 7.86548E+02
 7.89243E+02
 7.91937E+02
 7.94631E+02
 7.97323E+02
 8.00015E+02
 8.02705E+02
 8.05395E+02
 8.08084E+02
 8.10772E+02
 8.13459E+02
 8.16145E+02
 8.18831E+02
 8.21515E+02
 8.24199E+02
 8.26882E+02
 8.29563E+02
 8.32244E+02
 8.34924E+02
 8.37604E+02
 8.40282E+02
 8.42959E+02
 8.45636E+02
 8.48311E+02
 8.50986E+02
 8.53660E+02
 8.56333E+02
 8.59005E+02
 8.61676E+02
 8.64347E+02
 8.67016E+02
 8.69685E+02
 8.72353E+02
 8.75019E+02
 8.77685E+02
 8.80350E+02
 8.83015E+02
 8.85678E+02
 8.88341E+02
 8.91002E+02
 8.93663E+02
 8.96323E+02
 8.98982E+02
 9.01640E+02
 9.04297E+02
 9.06953E+02
 9.09609E+02
 9.12264E+02
 9.14917E+02
 9.17570E+02
 9.20222E+02
 9.22873E+02
 9.25524E+02
 9.28173E+02
 9.30822E+02
 9.33469E+02
 9.36116E+02
 9.38762E+02
 9.41407E+02
 9.44051E+02
 9.46695E+02
 9.49337E+02
 9.51979E+02
 9.54620E+02
 9.57260E+02
 9.59899E+02
 9.62537E+02
 9.65174E+02
 9.67811E+02
 9.70446E+02
 9.73081E+02
 9.75715E+02
 9.78348E+02
 9.80980E+02
 9.83612E+02
 9.86242E+02
 9.88872E+02
 9.91500E+02
 9.94128E+02
 9.96755E+02
 9.99382E+02
 1.00201E+03
 1.00463E+03
 1.00726E+03
 1.00988E+03
 1.01250E+03
 1.01512E+03
 1.01774E+03
 1.02036E+03
 1.02298E+03
 1.02560E+03
 1.02821E+03
 1.03083E+03
 1.03344E+03
 1.03606E+03
 1.03867E+03
 1.04128E+03
 1.04390E+03
 1.04651E+03
 1.04912E+03
 1.05173E+03
 1.05434E+03
 1.05694E+03
 1.05955E+03
 1.06216E+03
 1.06476E+03
 1.06736E+03
 1.06997E+03
 1.07257E+03
 1.07517E+03
 1.07777E+03
 1.08037E+03
 1.08297E+03
 1.08557E+03
 1.08817E+03
 1.09076E+03
 1.09336E+03
 1.09595E+03
 1.09855E+03
 1.10114E+03
 1.10373E+03
 1.10633E+03
 1.10892E+03
 1.11151E+03
 1.11410E+03
 1.11668E+03
 1.11927E+03
 1.12186E+03
 1.12444E+03
 1.12703E+03
 1.12961E+03
 1.13220E+03
 1.13478E+03
 1.13736E+03
 1.13994E+03
 1.14252E+03
 1.14510E+03
 1.14768E+03
 1.15025E+03
 1.15283E+03
 1.15541E+03
 1.15798E+03
 1.16056E+03
 1.16313E+03
 1.16570E+03
 1.16827E+03
 1.17084E+03
 1.17341E+03
 1.17598E+03
 1.17855E+03
 1.18112E+03
 1.18369E+03
 1.18625E+03
 1.18882E+03
 1.19138E+03
 1.19394E+03
 1.19651E+03
 1.19907E+03
 1.20163E+03
 1.20419E+03
 1.20675E+03
 1.20931E+03
 1.21187E+03
 1.21442E+03
 1.21698E+03
 1.21953E+03
 1.22209E+03
 1.22464E+03
 1.22719E+03
 1.22975E+03
 1.23230E+03
 1.23485E+03
 1.23740E+03
 1.23995E+03
 1.24249E+03
 1.24504E+03
 1.24759E+03
 1.25013E+03
 1.25268E+03
 1.25522E+03
 1.25776E+03
 1.26031E+03
 1.26285E+03
 1.26539E+03
 1.26793E+03
 1.27047E+03
 1.27301E+03
 1.27554E+03
 1.27808E+03
 1.28062E+03
 1.28315E+03
 1.28568E+03
 1.28822E+03
 1.29075E+03
 1.29328E+03
 1.29581E+03
 1.29834E+03
 1.30087E+03
 1.30340E+03
 1.30593E+03
 1.30846E+03
 1.31098E+03
 1.31351E+03
 1.31603E+03
 1.31856E+03
 1.32108E+03
 1.32360E+03
 1.32612E+03
 1.32864E+03
 1.33116E+03
 1.33368E+03
 1.33620E+03
 1.33872E+03
 1.34123E+03
 1.34375E+03
 1.34626E+03
 1.34878E+03
 1.35129E+03
 1.35380E+03
 1.35632E+03
 1.35883E+03
 1.36134E+03
 1.36385E+03
 1.36636E+03
 1.36886E+03
 1.37137E+03
 1.37388E+03
 1.37638E+03
 1.37889E+03
 1.38139E+03
 1.38389E+03
 1.38640E+03
 1.38890E+03
 1.39140E+03
 1.39390E+03
 1.39640E+03
 1.39890E+03
 1.40139E+03
 1.40389E+03
 1.40639E+03
 1.40888E+03
 1.41138E+03
 1.41387E+03
 1.41636E+03
 1.41885E+03
 1.42135E+03
 1.42384E+03
 1.42633E+03
 1.42881E+03
 1.43130E+03
 1.43379E+03
 1.43628E+03
 1.43876E+03
 1.44125E+03
 1.44373E+03
 1.44622E+03
 1.44870E+03
 1.45118E+03
 1.45366E+03
 1.45614E+03
 1.45862E+03
 1.46110E+03
 1.46358E+03
 1.46606E+03
 1.46853E+03
 1.47101E+03
 1.47348E+03
 1.47596E+03
 1.47843E+03
 1.48090E+03
 1.48338E+03
 1.48585E+03
 1.48832E+03
 1.49079E+03
 1.49326E+03
 1.49572E+03
 1.49819E+03
 1.50066E+03
 1.50312E+03
 1.50559E+03
 1.50805E+03
 1.51052E+03
 1.51298E+03
 1.51544E+03
 1.51790E+03
 1.52036E+03
 1.52282E+03
 1.52528E+03
 1.52774E+03
 1.53020E+03
 1.53265E+03
 1.53511E+03
 1.53756E+03
 1.54002E+03
 1.54247E+03
 1.54492E+03
 1.54738E+03
 1.54983E+03
 1.55228E+03
 1.55473E+03
 1.55718E+03
 1.55962E+03
 1.56207E+03
 1.56452E+03
 1.56696E+03
 1.56941E+03
 1.57185E+03
 1.57430E+03
 1.57674E+03
 1.57918E+03
 1.58162E+03
 1.58406E+03
 1.58650E+03
 1.58894E+03
 1.59138E+03
 1.59382E+03
 1.59626E+03
 1.59869E+03
 1.60113E+03
 1.60356E+03
 1.60600E+03
 1.60843E+03
 1.61086E+03
 1.61329E+03
 1.61572E+03
 1.61815E+03
 1.62058E+03
 1.62301E+03
 1.62544E+03
 1.62787E+03
 1.63029E+03
 1.63272E+03
 1.63514E+03
 1.63757E+03
 1.63999E+03
 1.64241E+03
 1.64483E+03
 1.64726E+03
 1.64968E+03
 1.65210E+03
 1.65451E+03
 1.65693E+03
 1.65935E+03
 1.66177E+03
 1.66418E+03
 1.66660E+03
 1.66901E+03
 1.67143E+03
 1.67384E+03
 1.67625E+03
 1.67866E+03
 1.68107E+03
 1.68348E+03
 1.68589E+03
 1.68830E+03
 1.69071E+03
 1.69312E+03
 1.69552E+03
 1.69793E+03
 1.70033E+03
 1.70274E+03
 1.70514E+03
 1.70754E+03
 1.70994E+03
 1.71234E+03
 1.71475E+03
 1.71714E+03
 1.71954E+03
 1.72194E+03
 1.72434E+03
 1.72674E+03
 1.72913E+03
 1.73153E+03
 1.73392E+03
 1.73632E+03
 1.73871E+03
 1.74110E+03
 1.74349E+03
 1.74588E+03
 1.74827E+03
 1.75066E+03
 1.75305E+03
 1.75544E+03
 1.75783E+03
 1.76021E+03
 1.76260E+03
 1.76498E+03
 1.76737E+03
 1.76975E+03
 1.77213E+03
 1.77452E+03
 1.77690E+03
 1.77928E+03
 1.78166E+03
 1.78404E+03
 1.78642E+03
 1.78879E+03
 1.79117E+03
 1.79355E+03
 1.79592E+03
 1.79830E+03
 1.80067E+03
 1.80305E+03
 1.80542E+03
 1.80779E+03
 1.81016E+03
 1.81253E+03
 1.81490E+03
 1.81727E+03
 1.81964E+03
 1.82201E+03
 1.82438E+03
 1.82674E+03
 1.82911E+03
 1.83147E+03
 1.83384E+03
 1.83620E+03
 1.83856E+03
 1.84092E+03
 1.84329E+03
 1.84565E+03
 1.84801E+03
 1.85036E+03
 1.85272E+03
 1.85508E+03
 1.85744E+03
 1.85979E+03
 1.86215E+03
 1.86450E+03
 1.86686E+03
 1.86921E+03
 1.87157E+03
 1.87392E+03
 1.87627E+03
 1.87862E+03
 1.88097E+03
 1.88332E+03
 1.88567E+03
 1.88801E+03
 1.89036E+03
 1.89271E+03
 1.89505E+03
 1.89740E+03
 1.89974E+03
 1.90209E+03
 1.90443E+03
 1.90677E+03
 1.90911E+03
 1.91145E+03
 1.91379E+03
 1.91613E+03
 1.91847E+03
 1.92081E+03
 1.92315E+03
 1.92548E+03
 1.92782E+03
 1.93015E+03
 1.93249E+03
 1.93482E+03
 1.93716E+03
 1.93949E+03
 1.94182E+03
 1.94415E+03
 1.94648E+03
 1.94881E+03
 1.95114E+03
 1.95347E+03
 1.95579E+03
 1.95812E+03
 1.96045E+03
 1.96277E+03
 1.96510E+03
 1.96742E+03
 1.96974E+03
 1.97207E+03
 1.97439E+03
 1.97671E+03
 1.97903E+03
 1.98135E+03
 1.98367E+03
 1.98599E+03
 1.98831E+03
 1.99062E+03
 1.99294E+03
 1.99525E+03
 1.99757E+03
 1.99988E+03
 2.00220E+03
 2.00451E+03
 2.00682E+03
 2.00913E+03
 2.01144E+03
 2.01375E+03
 2.01606E+03
 2.01837E+03
 2.02068E+03
 2.02299E+03
 2.02529E+03
 2.02760E+03
 2.02991E+03
 2.03221E+03
 2.03451E+03
 2.03682E+03
 2.03912E+03
 2.04142E+03
 2.04372E+03
 2.04602E+03
 2.04832E+03
 2.05062E+03
 2.05292E+03
 2.05522E+03
 2.05752E+03
 2.05981E+03
 2.06211E+03
 2.06440E+03
 2.06670E+03
 2.06899E+03
 2.07128E+03
 2.07358E+03
 2.07587E+03
 2.07816E+03
 2.08045E+03
 2.08274E+03
 2.08503E+03
 2.08732E+03
 2.08960E+03
 2.09189E+03
 2.09418E+03
 2.09646E+03
 2.09875E+03
 2.10103E+03
 2.10332E+03
 2.10560E+03
 2.10788E+03
 2.11016E+03
 2.11244E+03
 2.11472E+03
 2.11700E+03
 2.11928E+03
 2.12156E+03
 2.12384E+03
 2.12612E+03
 2.12839E+03
 2.13067E+03
 2.13294E+03
 2.13522E+03
 2.13749E+03
 2.13976E+03
 2.14203E+03
 2.14431E+03
 2.14658E+03
 2.14885E+03
 2.15112E+03
 2.15338E+03
 2.15565E+03
 2.15792E+03
 2.16019E+03
 2.16245E+03
 2.16472E+03
 2.16698E+03
 2.16925E+03
 2.17151E+03
 2.17377E+03
 2.17604E+03
 2.17830E+03
 2.18056E+03
 2.18282E+03
 2.18508E+03
 2.18734E+03
 2.18960E+03
 2.19185E+03
 2.19411E+03
 2.19637E+03
 2.19862E+03
 2.20088E+03
 2.20313E+03
 2.20538E+03
 2.20764E+03
 2.20989E+03
 2.21214E+03
 2.21439E+03
 2.21664E+03
 2.21889E+03
 2.22114E+03
 2.22339E+03
 2.22564E+03
 2.22788E+03
 2.23013E+03
 2.23238E+03
 2.23462E+03
 2.23687E+03
 2.23911E+03
 2.24135E+03
 2.24359E+03
 2.24584E+03
 2.24808E+03
 2.25032E+03
 2.25256E+03
 2.25480E+03
 2.25704E+03
 2.25927E+03
 2.26151E+03
 2.26375E+03
 2.26598E+03
 2.26822E+03
 2.27045E+03
 2.27269E+03
 2.27492E+03
 2.27715E+03
 2.27938E+03
 2.28162E+03
 2.28385E+03
 2.28608E+03
 2.28831E+03
 2.29054E+03
 2.29276E+03
 2.29499E+03
 2.29722E+03
 2.29944E+03
 2.30167E+03
 2.30389E+03
 2.30612E+03
 2.30834E+03
 2.31057E+03
 2.31279E+03
 2.31501E+03
 2.31723E+03
 2.31945E+03
 2.32167E+03
 2.32389E+03
 2.32611E+03
 2.32833E+03
 2.33054E+03
 2.33276E+03
 2.33498E+03
 2.33719E+03
 2.33941E+03
 2.34162E+03
 2.34383E+03
 2.34605E+03
 2.34826E+03
 2.35047E+03
 2.35268E+03
 2.35489E+03
 2.35710E+03
 2.35931E+03
 2.36152E+03
 2.36372E+03
 2.36593E+03
 2.36814E+03
 2.37034E+03
 2.37255E+03
 2.37475E+03
 2.37696E+03
 2.37916E+03
 2.38136E+03
 2.38356E+03
 2.38577E+03
 2.38797E+03
 2.39017E+03
 2.39237E+03
 2.39456E+03
 2.39676E+03
 2.39896E+03
 2.40116E+03
 2.40335E+03
 2.40555E+03
 2.40774E+03
 2.40994E+03
 2.41213E+03
 2.41432E+03
 2.41652E+03
 2.41871E+03
 2.42090E+03
 2.42309E+03
 2.42528E+03
 2.42747E+03
 2.42966E+03
 2.43185E+03
 2.43403E+03
 2.43622E+03
 2.43841E+03
 2.44059E+03
 2.44278E+03
 2.44496E+03
 2.44715E+03
 2.44933E+03
 2.45151E+03
 2.45369E+03
 2.45587E+03
 2.45805E+03
 2.46023E+03
 2.46241E+03
 2.46459E+03
 2.46677E+03
 2.46895E+03
 2.47112E+03
 2.47330E+03
 2.47548E+03
 2.47765E+03
 2.47983E+03
 2.48200E+03
 2.48417E+03
 2.48635E+03
 2.48852E+03
 2.49069E+03
 2.49286E+03
 2.49503E+03
 2.49720E+03
 2.49937E+03
 2.50154E+03
 2.50370E+03
 2.50587E+03
 2.50804E+03
 2.51020E+03
 2.51237E+03
 2.51453E+03
 2.51670E+03
 2.51886E+03
 2.52102E+03
 2.52318E+03
 2.52534E+03
 2.52751E+03
 2.52967E+03
 2.53183E+03
 2.53398E+03
 2.53614E+03
 2.53830E+03
 2.54046E+03
 2.54261E+03
 2.54477E+03
 2.54693E+03
 2.54908E+03
 2.55123E+03
 2.55339E+03
 2.55554E+03
 2.55769E+03
 2.55984E+03
 2.56200E+03
 2.56415E+03
 2.56630E+03
 2.56844E+03
 2.57059E+03
 2.57274E+03
 2.57489E+03
 2.57704E+03
 2.57918E+03
 2.58133E+03
 2.58347E+03
 2.58562E+03
 2.58776E+03
 2.58990E+03
 2.59205E+03
 2.59419E+03
 2.59633E+03
 2.59847E+03
 2.60061E+03
 2.60275E+03
 2.60489E+03
 2.60703E+03
 2.60917E+03
 2.61130E+03
 2.61344E+03
 2.61557E+03
 2.61771E+03
 2.61984E+03
 2.62198E+03
 2.62411E+03
 2.62625E+03
 2.62838E+03
 2.63051E+03
 2.63264E+03
 2.63477E+03
 2.63690E+03
 2.63903E+03
 2.64116E+03
 2.64329E+03
 2.64542E+03
 2.64754E+03
 2.64967E+03
 2.65179E+03
 2.65392E+03
 2.65604E+03
 2.65817E+03
 2.66029E+03
 2.66241E+03
 2.66454E+03
 2.66666E+03
 2.66878E+03
 2.67090E+03
 2.67302E+03
 2.67514E+03
 2.67726E+03
 2.67938E+03
 2.68149E+03
 2.68361E+03
 2.68573E+03
 2.68784E+03
 2.68996E+03
 2.69207E+03
 2.69419E+03
 2.69630E+03
 2.69841E+03
 2.70052E+03
 2.70264E+03
 2.70475E+03
 2.70686E+03
 2.70897E+03
 2.71108E+03
 2.71318E+03
 2.71529E+03
 2.71740E+03
 2.71951E+03
 2.72161E+03
 2.72372E+03
 2.72582E+03
 2.72793E+03
 2.73003E+03
 2.73214E+03
 2.73424E+03
 2.73634E+03
 2.73844E+03
 2.74054E+03
 2.74264E+03
 2.74474E+03
 2.74684E+03
 2.74894E+03
 2.75104E+03
 2.75314E+03
 2.75523E+03
 2.75733E+03
 2.75943E+03
 2.76152E+03
 2.76362E+03
 2.76571E+03
 2.76780E+03
 2.76990E+03
 2.77199E+03
 2.77408E+03
 2.77617E+03
 2.77826E+03
 2.78035E+03
 2.78244E+03
 2.78453E+03
 2.78662E+03
 2.78871E+03
 2.79079E+03
 2.79288E+03
 2.79497E+03
 2.79705E+03
 2.79914E+03
 2.80122E+03
 2.80330E+03
 2.80539E+03
 2.80747E+03
 2.80955E+03
 2.81163E+03
 2.81371E+03
 2.81579E+03
 2.81787E+03
 2.81995E+03
 2.82203E+03
 2.82411E+03
 2.82619E+03
 2.82826E+03
 2.83034E+03
 2.83242E+03
 2.83449E+03
 2.83657E+03
 2.83864E+03
 2.84071E+03
 2.84279E+03
 2.84486E+03
 2.84693E+03
 2.84900E+03
 2.85107E+03
 2.85314E+03
 2.85521E+03
 2.85728E+03
 2.85935E+03
 2.86142E+03
 2.86348E+03
 2.86555E+03
 2.86761E+03
 2.86968E+03
 2.87175E+03
 2.87381E+03
 2.87587E+03
 2.87794E+03
 2.88000E+03
 2.88206E+03
 2.88412E+03
 2.88618E+03
 2.88824E+03
 2.89030E+03
 2.89236E+03
 2.89442E+03
 2.89648E+03
 2.89854E+03
 2.90059E+03
 2.90265E+03
 2.90471E+03
 2.90676E+03
 2.90882E+03
 2.91087E+03
 2.91292E+03
 2.91498E+03
 2.91703E+03
 2.91908E+03
 2.92113E+03
 2.92318E+03
 2.92523E+03
 2.92728E+03
 2.92933E+03
 2.93138E+03
 2.93343E+03
 2.93548E+03
 2.93752E+03
 2.93957E+03
 2.94162E+03
 2.94366E+03
 2.94571E+03
 2.94775E+03
 2.94979E+03
 2.95184E+03
 2.95388E+03
 2.95592E+03
 2.95796E+03
 2.96000E+03
 2.96204E+03
 2.96408E+03
 2.96612E+03
 2.96816E+03
 2.97020E+03
 2.97224E+03
 2.97427E+03
 2.97631E+03
 2.97835E+03
 2.98038E+03
 2.98242E+03
 2.98445E+03
 2.98648E+03
 2.98852E+03
 2.99055E+03
 2.99258E+03
 2.99461E+03
 2.99664E+03
 2.99867E+03
 3.00070E+03
 3.00273E+03
 3.00476E+03
 3.00679E+03
 3.00882E+03
 3.01084E+03
 3.01287E+03
 3.01490E+03
 3.01692E+03
 3.01895E+03
 3.02097E+03
 3.02299E+03
 3.02502E+03
 3.02704E+03
 3.02906E+03
 3.03108E+03
 3.03311E+03
 3.03513E+03
 3.03715E+03
 3.03917E+03
 3.04118E+03
 3.04320E+03
 3.04522E+03
 3.04724E+03
 3.04925E+03
 3.05127E+03
 3.05329E+03
 3.05530E+03
 3.05732E+03
 3.05933E+03
 3.06134E+03
 3.06336E+03
 3.06537E+03
 3.06738E+03
 3.06939E+03
 3.07140E+03
 3.07341E+03
 3.07542E+03
 3.07743E+03
 3.07944E+03
 3.08145E+03
 3.08346E+03
 3.08546E+03
 3.08747E+03
 3.08947E+03
 3.09148E+03
 3.09348E+03
 3.09549E+03
 3.09749E+03
 3.09950E+03
 3.10150E+03
 3.10350E+03
 3.10550E+03
 3.10750E+03
 3.10950E+03
 3.11150E+03
 3.11350E+03
 3.11550E+03
 3.11750E+03
 3.11950E+03
 3.12150E+03
 3.12349E+03
 3.12549E+03
 3.12748E+03
 3.12948E+03
 3.13147E+03
 3.13347E+03
 3.13546E+03
 3.13746E+03
 3.13945E+03
 3.14144E+03
 3.14343E+03
 3.14542E+03
 3.14741E+03
 3.14940E+03
 3.15139E+03
 3.15338E+03
 3.15537E+03
 3.15736E+03
 3.15934E+03
 3.16133E+03
 3.16332E+03
 3.16530E+03
 3.16729E+03
 3.16927E+03
 3.17126E+03
 3.17324E+03
 3.17522E+03
 3.17721E+03
 3.17919E+03
 3.18117E+03
 3.18315E+03
 3.18513E+03
 3.18711E+03
 3.18909E+03
 3.19107E+03
 3.19305E+03
 3.19503E+03
 3.19700E+03
 3.19898E+03
 3.20096E+03
 3.20293E+03
 3.20491E+03
 3.20688E+03
 3.20886E+03
 3.21083E+03
 3.21280E+03
 3.21477E+03
 3.21675E+03
 3.21872E+03
 3.22069E+03
 3.22266E+03
 3.22463E+03
 3.22660E+03
 3.22857E+03
 3.23054E+03
 3.23250E+03
 3.23447E+03
 3.23644E+03
 3.23841E+03
 3.24037E+03
 3.24234E+03
 3.24430E+03
 3.24627E+03
 3.24823E+03
 3.25019E+03
 3.25216E+03
 3.25412E+03
 3.25608E+03
 3.25804E+03
 3.26000E+03
 3.26196E+03
 3.26392E+03
 3.26588E+03
 3.26784E+03
 3.26980E+03
 3.27175E+03
 3.27371E+03
 3.27567E+03
 3.27762E+03
 3.27958E+03
 3.28153E+03
 3.28349E+03
 3.28544E+03
 3.28740E+03
 3.28935E+03
 3.29130E+03
 3.29325E+03
 3.29521E+03
 3.29716E+03
 3.29911E+03
 3.30106E+03
 3.30301E+03
 3.30496E+03
 3.30690E+03
 3.30885E+03
 3.31080E+03
 3.31275E+03
 3.31469E+03
 3.31664E+03
 3.31858E+03
 3.32053E+03
 3.32247E+03
 3.32442E+03
 3.32636E+03
 3.32830E+03
 3.33024E+03
 3.33219E+03
 3.33413E+03
 3.33607E+03
 3.33801E+03
 3.33995E+03
 3.34189E+03
 3.34383E+03
 3.34576E+03
 3.34770E+03
 3.34964E+03
 3.35158E+03
 3.35351E+03
 3.35545E+03
 3.35738E+03
 3.35932E+03
 3.36125E+03
 3.36319E+03
 3.36512E+03
 3.36705E+03
 3.36898E+03
 3.37092E+03
 3.37285E+03
 3.37478E+03
 3.37671E+03
 3.37864E+03
 3.38057E+03
 3.38250E+03
 3.38442E+03
 3.38635E+03
 3.38828E+03
 3.39021E+03
 3.39213E+03
 3.39406E+03
 3.39598E+03
 3.39791E+03
 3.39983E+03
 3.40176E+03
 3.40368E+03
 3.40560E+03
 3.40752E+03
 3.40945E+03
 3.41137E+03
 3.41329E+03
 3.41521E+03
 3.41713E+03
 3.41905E+03
 3.42097E+03
 3.42288E+03
 3.42480E+03
 3.42672E+03
 3.42864E+03
 3.43055E+03
 3.43247E+03
 3.43438E+03
 3.43630E+03
 3.43821E+03
 3.44013E+03
 3.44204E+03
 3.44395E+03
 3.44586E+03
 3.44778E+03
 3.44969E+03
 3.45160E+03
 3.45351E+03
 3.45542E+03
 3.45733E+03
 3.45924E+03
 3.46115E+03
 3.46305E+03
 3.46496E+03
 3.46687E+03
 3.46877E+03
 3.47068E+03
 3.47259E+03
 3.47449E+03
 3.47640E+03
 3.47830E+03
 3.48020E+03
 3.48211E+03
 3.48401E+03
 3.48591E+03
 3.48781E+03
 3.48971E+03
 3.49161E+03
 3.49351E+03
 3.49541E+03
 3.49731E+03
 3.49921E+03
 3.50111E+03
 3.50301E+03
 3.50490E+03
 3.50680E+03
 3.50870E+03
 3.51059E+03
 3.51249E+03
 3.51438E+03
 3.51628E+03
 3.51817E+03
 3.52006E+03
 3.52196E+03
 3.52385E+03
 3.52574E+03
 3.52763E+03
 3.52952E+03
 3.53141E+03
 3.53330E+03
 3.53519E+03
 3.53708E+03
 3.53897E+03
 3.54086E+03
 3.54275E+03
 3.54463E+03
 3.54652E+03
 3.54841E+03
 3.55029E+03
 3.55218E+03
 3.55406E+03
 3.55595E+03
 3.55783E+03
 3.55971E+03
 3.56160E+03
 3.56348E+03
 3.56536E+03
 3.56724E+03
 3.56912E+03
 3.57100E+03
 3.57288E+03
 3.57476E+03
 3.57664E+03
 3.57852E+03
 3.58040E+03
 3.58228E+03
 3.58415E+03
 3.58603E+03
 3.58791E+03
 3.58978E+03
 3.59166E+03
 3.59353E+03
 3.59541E+03
 3.59728E+03
 3.59915E+03
 3.60102E+03
 3.60290E+03
 3.60477E+03
 3.60664E+03
 3.60851E+03
 3.61038E+03
 3.61225E+03
 3.61412E+03
