 1.55990E+03
 1.56090E+03
 1.56310E+03
 1.55910E+03
 1.55950E+03
 1.56050E+03
 1.55920E+03
 1.56110E+03
 1.56020E+03
 1.55940E+03
 1.56190E+03
 1.55990E+03
 1.56010E+03
 1.55950E+03
 1.56020E+03
 1.56060E+03
 1.55900E+03
 1.56090E+03
 1.55900E+03
 1.56000E+03
 1.56050E+03
 1.55970E+03
 1.55980E+03
 1.55940E+03
 1.56000E+03
 1.56040E+03
 1.55830E+03
 1.56080E+03
 1.55950E+03
 1.56060E+03
 1.56030E+03
 1.56110E+03
 1.56050E+03
 1.56060E+03
 1.56030E+03
 1.56030E+03
 1.55860E+03
 1.56040E+03
 1.56030E+03
 1.56050E+03
 1.56190E+03
 1.56120E+03
 1.55910E+03
 1.56100E+03
 1.56160E+03
 1.56140E+03
 1.56190E+03
 1.55890E+03
 1.56020E+03
 1.55930E+03
 1.55890E+03
 1.55920E+03
 1.55750E+03
 1.56010E+03
 1.56020E+03
 1.56150E+03
 1.57240E+03
 1.61790E+03
 1.68320E+03
 1.64140E+03
 1.57500E+03
 1.56160E+03
 1.55940E+03
 1.56060E+03
 1.56080E+03
 1.55920E+03
 1.56160E+03
 1.56260E+03
 1.55840E+03
 1.56040E+03
 1.56210E+03
 1.55990E+03
 1.56050E+03
 1.55930E+03
 1.56190E+03
 1.56070E+03
 1.56130E+03
 1.56150E+03
 1.56240E+03
 1.56360E+03
 1.56720E+03
 1.57350E+03
 1.57910E+03
 1.58490E+03
 1.59270E+03
 1.60650E+03
 1.60970E+03
 1.61720E+03
 1.61190E+03
 1.61590E+03
 1.61570E+03
 1.61160E+03
 1.61250E+03
 1.60720E+03
 1.60770E+03
 1.60840E+03
 1.60540E+03
 1.59520E+03
 1.60490E+03
 1.60430E+03
 1.60420E+03
 1.60530E+03
 1.60680E+03
 1.60750E+03
 1.60860E+03
 1.60930E+03
 1.60910E+03
 1.60960E+03
 1.61090E+03
 1.61720E+03
 1.60960E+03
 1.61240E+03
 1.61190E+03
 1.60540E+03
 1.61420E+03
 1.60770E+03
 1.61210E+03
 1.60310E+03
 1.60660E+03
 1.60460E+03
 1.61120E+03
 1.60820E+03
 1.60550E+03
 1.61010E+03
 1.61240E+03
 1.61040E+03
 1.61540E+03
 1.61570E+03
 1.61990E+03
 1.61800E+03
 1.62420E+03
 1.62570E+03
 1.63570E+03
 1.63880E+03
 1.64870E+03
 1.67230E+03
 1.68770E+03
 1.69670E+03
 1.71330E+03
 1.70000E+03
 1.70040E+03
 1.70460E+03
 1.70200E+03
 1.70410E+03
 1.71690E+03
 1.71550E+03
 1.71450E+03
 1.72220E+03
 1.72860E+03
 1.73140E+03
 1.72340E+03
 1.73400E+03
 1.74200E+03
 1.74760E+03
 1.75850E+03
 1.76530E+03
 1.77710E+03
 1.79090E+03
 1.79740E+03
 1.81660E+03
 1.85210E+03
 1.88370E+03
 1.89800E+03
 1.88970E+03
 1.85040E+03
 1.82970E+03
 1.79980E+03
 1.78500E+03
 1.77450E+03
 1.77070E+03
 1.76100E+03
 1.74560E+03
 1.74530E+03
 1.73240E+03
 1.72940E+03
 1.72430E+03
 1.72620E+03
 1.71330E+03
 1.71100E+03
 1.72370E+03
 1.71150E+03
 1.71120E+03
 1.71120E+03
 1.70050E+03
 1.69570E+03
 1.69880E+03
 1.69430E+03
 1.69370E+03
 1.69330E+03
 1.69510E+03
 1.68630E+03
 1.68830E+03
 1.68270E+03
 1.68750E+03
 1.68050E+03
 1.68320E+03
 1.67940E+03
 1.68370E+03
 1.67610E+03
 1.67710E+03
 1.68110E+03
 1.68210E+03
 1.67710E+03
 1.68030E+03
 1.68320E+03
 1.67730E+03
 1.68770E+03
 1.69150E+03
 1.69730E+03
 1.69150E+03
 1.68830E+03
 1.68130E+03
 1.66890E+03
 1.65230E+03
 1.64770E+03
 1.64250E+03
 1.62940E+03
 1.62490E+03
 1.61490E+03
 1.61940E+03
 1.62770E+03
 1.63570E+03
 1.64550E+03
 1.64890E+03
 1.66210E+03
 1.65910E+03
 1.66850E+03
 1.68280E+03
 1.70410E+03
 1.71930E+03
 1.73980E+03
 1.77320E+03
 1.81400E+03
 1.89010E+03
 2.02330E+03
 2.27440E+03
 2.84390E+03
 4.75910E+03
 1.04359E+04
 1.89959E+04
 1.91927E+04
 1.03159E+04
 4.64960E+03
 2.86300E+03
 2.29810E+03
 2.07020E+03
 1.94740E+03
 1.86860E+03
 1.80110E+03
 1.76760E+03
 1.74840E+03
 1.71170E+03
 1.69680E+03
 1.67890E+03
 1.66830E+03
 1.65930E+03
 1.64980E+03
 1.64610E+03
 1.64090E+03
 1.63090E+03
 1.63210E+03
 1.62960E+03
 1.62800E+03
 1.63250E+03
 1.62640E+03
 1.62760E+03
 1.63190E+03
 1.63350E+03
 1.63680E+03
 1.64260E+03
 1.63920E+03
 1.64830E+03
 1.66570E+03
 1.67810E+03
 1.68330E+03
 1.68790E+03
 1.67970E+03
 1.67330E+03
 1.67440E+03
 1.66020E+03
 1.65970E+03
 1.65640E+03
 1.65120E+03
 1.64940E+03
 1.65660E+03
 1.65150E+03
 1.65710E+03
 1.65340E+03
 1.65370E+03
 1.65870E+03
 1.65810E+03
 1.66320E+03
 1.66540E+03
 1.67240E+03
 1.65960E+03
 1.66740E+03
 1.66610E+03
 1.65460E+03
 1.65820E+03
 1.64970E+03
 1.64400E+03
 1.63530E+03
 1.63980E+03
 1.63030E+03
 1.62810E+03
 1.61750E+03
 1.62330E+03
 1.61540E+03
 1.61830E+03
 1.61420E+03
 1.61600E+03
 1.61130E+03
 1.61390E+03
 1.61320E+03
 1.61110E+03
 1.60760E+03
 1.61340E+03
 1.61080E+03
 1.60700E+03
 1.61390E+03
 1.61600E+03
 1.61010E+03
 1.61630E+03
 1.61300E+03
 1.61370E+03
 1.61610E+03
 1.61480E+03
 1.61960E+03
 1.63200E+03
 1.61390E+03
 1.62840E+03
 1.62370E+03
 1.62610E+03
 1.62840E+03
 1.62650E+03
 1.63740E+03
 1.63830E+03
 1.63830E+03
 1.64040E+03
 1.64600E+03
 1.64300E+03
 1.65170E+03
 1.64300E+03
 1.65580E+03
 1.65390E+03
 1.65730E+03
 1.65900E+03
 1.66470E+03
 1.65930E+03
 1.66390E+03
 1.66590E+03
 1.67200E+03
 1.66650E+03
 1.65860E+03
 1.66300E+03
 1.65780E+03
 1.65570E+03
 1.65310E+03
 1.65490E+03
 1.64750E+03
 1.65550E+03
 1.65640E+03
 1.65410E+03
 1.66600E+03
 1.65750E+03
 1.65850E+03
 1.65680E+03
 1.66190E+03
 1.65960E+03
 1.66300E+03
 1.66130E+03
 1.65780E+03
 1.66030E+03
 1.66360E+03
 1.65900E+03
 1.66270E+03
 1.66540E+03
 1.66910E+03
 1.66250E+03
 1.66940E+03
 1.66820E+03
 1.66550E+03
 1.66680E+03
 1.67590E+03
 1.67370E+03
 1.67750E+03
 1.67880E+03
 1.69910E+03
 1.70360E+03
 1.74350E+03
 1.80450E+03
 1.90000E+03
 1.97640E+03
 2.09710E+03
 2.19430E+03
 2.25470E+03
 2.24890E+03
 2.22680E+03
 2.22300E+03
 2.23780E+03
 2.23560E+03
 2.22160E+03
 2.22730E+03
 2.23190E+03
 2.25290E+03
 2.24640E+03
 2.26330E+03
 2.27230E+03
 2.28020E+03
 2.25550E+03
 2.25430E+03
 2.22610E+03
 2.15960E+03
 2.09880E+03
 2.00590E+03
 1.93050E+03
 1.87120E+03
 1.82660E+03
 1.80010E+03
 1.78400E+03
 1.76170E+03
 1.74920E+03
 1.72640E+03
 1.72090E+03
 1.70760E+03
 1.69420E+03
 1.68560E+03
 1.67430E+03
 1.66000E+03
 1.64320E+03
 1.64040E+03
 1.62350E+03
 1.61500E+03
 1.60390E+03
 1.59140E+03
 1.59040E+03
 1.59120E+03
 1.59190E+03
 1.58850E+03
 1.58840E+03
 1.58950E+03
 1.58390E+03
 1.58630E+03
 1.58630E+03
 1.58530E+03
 1.58520E+03
 1.58380E+03
 1.58540E+03
 1.58290E+03
 1.58160E+03
 1.58570E+03
 1.58490E+03
 1.58790E+03
 1.58390E+03
 1.58300E+03
 1.58700E+03
 1.58970E+03
 1.58200E+03
 1.58400E+03
 1.58680E+03
 1.58420E+03
 1.58510E+03
 1.58380E+03
 1.58340E+03
 1.58500E+03
 1.58450E+03
 1.58190E+03
 1.58100E+03
 1.57980E+03
 1.58220E+03
 1.58240E+03
 1.58260E+03
 1.58120E+03
 1.57490E+03
 1.57920E+03
 1.58340E+03
 1.57910E+03
 1.57840E+03
 1.57950E+03
 1.57950E+03
 1.57430E+03
 1.58150E+03
 1.57940E+03
 1.57970E+03
 1.57970E+03
 1.57860E+03
 1.57840E+03
 1.58080E+03
 1.57950E+03
 1.57390E+03
 1.57910E+03
 1.57670E+03
 1.57710E+03
 1.57780E+03
 1.57770E+03
 1.57880E+03
 1.57810E+03
 1.58070E+03
 1.57660E+03
 1.57890E+03
 1.57860E+03
 1.58040E+03
 1.57820E+03
 1.57430E+03
 1.57900E+03
 1.58030E+03
 1.57780E+03
 1.57570E+03
 1.57990E+03
 1.57880E+03
 1.57790E+03
 1.57760E+03
 1.57820E+03
 1.58090E+03
 1.58010E+03
 1.58300E+03
 1.57750E+03
 1.58110E+03
 1.58370E+03
 1.58220E+03
 1.58250E+03
 1.58580E+03
 1.58270E+03
 1.58310E+03
 1.58520E+03
 1.58480E+03
 1.58600E+03
 1.58450E+03
 1.58360E+03
 1.58290E+03
 1.58790E+03
 1.58820E+03
 1.58180E+03
 1.58570E+03
 1.59060E+03
 1.58840E+03
 1.58660E+03
 1.58770E+03
 1.58750E+03
 1.59360E+03
 1.59050E+03
 1.58800E+03
 1.59530E+03
 1.59170E+03
 1.59440E+03
 1.59520E+03
 1.59920E+03
 1.60400E+03
 1.61030E+03
 1.61270E+03
 1.61830E+03
 1.63020E+03
 1.64670E+03
 1.66880E+03
 1.70070E+03
 1.75810E+03
 1.86780E+03
 2.02190E+03
 2.28920E+03
 2.49740E+03
 2.52310E+03
 2.26370E+03
 1.95230E+03
 1.78040E+03
 1.69390E+03
 1.65690E+03
 1.63290E+03
 1.61730E+03
 1.61070E+03
 1.60280E+03
 1.60120E+03
 1.59370E+03
 1.59870E+03
 1.58910E+03
 1.59220E+03
 1.58560E+03
 1.58940E+03
 1.58640E+03
 1.58510E+03
 1.58560E+03
 1.58270E+03
 1.58710E+03
 1.58590E+03
 1.58430E+03
 1.58660E+03
 1.58580E+03
 1.58620E+03
 1.58580E+03
 1.58800E+03
 1.58950E+03
 1.58400E+03
 1.58550E+03
 1.58740E+03
 1.58470E+03
 1.58610E+03
 1.58580E+03
 1.58440E+03
 1.59030E+03
 1.58640E+03
 1.58710E+03
 1.58340E+03
 1.58000E+03
 1.58430E+03
 1.57920E+03
 1.58430E+03
 1.58240E+03
 1.57940E+03
 1.58030E+03
 1.57950E+03
 1.57990E+03
 1.58160E+03
 1.58170E+03
 1.57680E+03
 1.57760E+03
 1.57890E+03
 1.57880E+03
 1.58120E+03
 1.58090E+03
 1.57810E+03
 1.57700E+03
 1.57670E+03
 1.57660E+03
 1.57800E+03
 1.57660E+03
 1.58120E+03
 1.57850E+03
 1.57810E+03
 1.57820E+03
 1.57550E+03
 1.57900E+03
 1.57640E+03
 1.57540E+03
 1.57590E+03
 1.57850E+03
 1.57840E+03
 1.57530E+03
 1.57840E+03
 1.57540E+03
 1.57870E+03
 1.57580E+03
 1.57930E+03
 1.57500E+03
 1.57790E+03
 1.57990E+03
 1.57820E+03
 1.57930E+03
 1.57840E+03
 1.57840E+03
 1.57810E+03
 1.57890E+03
 1.58040E+03
 1.57810E+03
 1.57480E+03
 1.58160E+03
 1.57950E+03
 1.57760E+03
 1.57990E+03
 1.57540E+03
 1.58010E+03
 1.57770E+03
 1.57630E+03
 1.57850E+03
 1.57860E+03
 1.58070E+03
 1.57950E+03
 1.57840E+03
 1.57860E+03
 1.57750E+03
 1.57840E+03
 1.57570E+03
 1.57930E+03
 1.57750E+03
 1.57640E+03
 1.57770E+03
 1.57880E+03
 1.57720E+03
 1.57840E+03
 1.57380E+03
 1.57610E+03
 1.58020E+03
 1.57500E+03
 1.57640E+03
 1.57700E+03
 1.57840E+03
 1.57870E+03
 1.57880E+03
 1.58090E+03
 1.57700E+03
 1.57800E+03
 1.57810E+03
 1.57790E+03
 1.57750E+03
 1.57730E+03
 1.57870E+03
 1.57840E+03
 1.57890E+03
 1.57540E+03
 1.57970E+03
 1.57830E+03
 1.57990E+03
 1.57880E+03
 1.57480E+03
 1.57840E+03
 1.57860E+03
 1.57430E+03
 1.57560E+03
 1.57820E+03
 1.57760E+03
 1.57830E+03
 1.57870E+03
 1.58020E+03
 1.57720E+03
 1.57630E+03
 1.57800E+03
 1.57700E+03
 1.57680E+03
 1.57830E+03
 1.57990E+03
 1.57880E+03
 1.57660E+03
 1.57530E+03
 1.57500E+03
 1.57950E+03
 1.58040E+03
 1.57960E+03
 1.57680E+03
 1.57900E+03
 1.57930E+03
 1.58020E+03
 1.57670E+03
 1.57650E+03
 1.57790E+03
 1.57620E+03
 1.57580E+03
 1.57940E+03
 1.57600E+03
 1.57670E+03
 1.57870E+03
 1.58020E+03
 1.57870E+03
 1.57750E+03
 1.57580E+03
 1.58280E+03
 1.58020E+03
 1.57830E+03
 1.57690E+03
 1.57900E+03
 1.57730E+03
 1.57520E+03
 1.58160E+03
 1.57970E+03
 1.57930E+03
 1.57870E+03
 1.58110E+03
 1.57960E+03
 1.57610E+03
 1.57690E+03
 1.57870E+03
 1.58000E+03
 1.57690E+03
 1.57820E+03
 1.58070E+03
 1.57860E+03
 1.57720E+03
 1.57700E+03
 1.57830E+03
 1.57730E+03
 1.57640E+03
 1.57970E+03
 1.57700E+03
 1.57390E+03
 1.58000E+03
 1.57660E+03
 1.57850E+03
 1.57510E+03
 1.57850E+03
 1.57550E+03
 1.57940E+03
 1.57990E+03
 1.57810E+03
 1.57880E+03
 1.57920E+03
 1.58290E+03
 1.57640E+03
 1.58410E+03
 1.57640E+03
 1.57810E+03
 1.57870E+03
 1.58380E+03
 1.57960E+03
 1.58050E+03
 1.57880E+03
 1.58450E+03
 1.57950E+03
 1.58120E+03
 1.58140E+03
 1.57830E+03
 1.58030E+03
 1.57970E+03
 1.58450E+03
 1.57890E+03
 1.57680E+03
 1.57570E+03
 1.58070E+03
 1.57810E+03
 1.57480E+03
 1.58030E+03
 1.57450E+03
 1.58010E+03
 1.57640E+03
 1.57960E+03
 1.57790E+03
 1.57820E+03
 1.57880E+03
 1.57640E+03
 1.58020E+03
 1.58040E+03
 1.58060E+03
 1.58320E+03
 1.57860E+03
 1.57840E+03
 1.58060E+03
 1.57780E+03
 1.57530E+03
 1.57800E+03
 1.57850E+03
 1.58010E+03
 1.57670E+03
 1.57960E+03
 1.57770E+03
 1.57630E+03
 1.58000E+03
 1.57820E+03
 1.57900E+03
 1.57900E+03
 1.58000E+03
 1.57800E+03
 1.58090E+03
 1.57690E+03
 1.57770E+03
 1.57900E+03
 1.57630E+03
 1.57700E+03
 1.57870E+03
 1.57760E+03
 1.58100E+03
 1.57970E+03
 1.58160E+03
 1.57840E+03
 1.57740E+03
 1.57740E+03
 1.57670E+03
 1.58040E+03
 1.57570E+03
 1.57330E+03
 1.57850E+03
 1.58120E+03
 1.57460E+03
 1.58010E+03
 1.57920E+03
 1.57580E+03
 1.58010E+03
 1.57520E+03
 1.57860E+03
 1.57960E+03
 1.57910E+03
 1.57760E+03
 1.57740E+03
 1.57890E+03
 1.57760E+03
 1.57350E+03
 1.58020E+03
 1.57920E+03
 1.57640E+03
 1.58170E+03
 1.57580E+03
 1.57840E+03
 1.57530E+03
 1.57640E+03
 1.57660E+03
 1.57920E+03
 1.57600E+03
 1.57800E+03
 1.57730E+03
 1.58080E+03
 1.57810E+03
 1.57710E+03
 1.57860E+03
 1.58040E+03
 1.58060E+03
 1.58060E+03
 1.57570E+03
 1.58060E+03
 1.57670E+03
 1.58150E+03
 1.57580E+03
 1.57920E+03
 1.57650E+03
 1.57820E+03
 1.58100E+03
 1.57550E+03
 1.58130E+03
 1.58160E+03
 1.57550E+03
 1.57760E+03
 1.57650E+03
 1.57860E+03
 1.57890E+03
 1.58160E+03
 1.58040E+03
 1.57570E+03
 1.58080E+03
 1.57720E+03
 1.57880E+03
 1.57700E+03
 1.57590E+03
 1.57770E+03
 1.57840E+03
 1.58060E+03
 1.57690E+03
 1.57610E+03
 1.57590E+03
 1.57840E+03
 1.57890E+03
 1.57650E+03
 1.57850E+03
 1.57820E+03
 1.57670E+03
 1.57760E+03
 1.57480E+03
 1.57960E+03
 1.57810E+03
 1.57850E+03
 1.58080E+03
 1.57580E+03
 1.57630E+03
 1.57840E+03
 1.57280E+03
 1.57600E+03
 1.57660E+03
 1.57930E+03
 1.57880E+03
 1.57760E+03
 1.57630E+03
 1.57820E+03
 1.57830E+03
 1.57970E+03
 1.58010E+03
 1.57770E+03
 1.57820E+03
 1.57540E+03
 1.57630E+03
 1.57990E+03
 1.57850E+03
 1.57940E+03
 1.57660E+03
 1.57830E+03
 1.57650E+03
 1.57840E+03
 1.57570E+03
 1.57690E+03
 1.57670E+03
 1.57810E+03
 1.58000E+03
 1.57630E+03
 1.57720E+03
 1.57960E+03
 1.57700E+03
 1.57550E+03
 1.57630E+03
 1.57640E+03
 1.57570E+03
 1.57750E+03
 1.57640E+03
 1.57650E+03
 1.57450E+03
 1.57590E+03
 1.57540E+03
 1.57600E+03
 1.57970E+03
 1.57440E+03
 1.57740E+03
 1.57640E+03
 1.57540E+03
 1.57680E+03
 1.57720E+03
 1.57860E+03
 1.57520E+03
 1.57770E+03
 1.57400E+03
 1.57580E+03
 1.57810E+03
 1.57520E+03
 1.57810E+03
 1.57480E+03
 1.57900E+03
 1.57530E+03
 1.57690E+03
 1.57620E+03
 1.57730E+03
 1.57990E+03
 1.57840E+03
 1.57540E+03
 1.57890E+03
 1.57700E+03
 1.57530E+03
 1.57530E+03
 1.57530E+03
 1.57460E+03
 1.57360E+03
 1.57700E+03
 1.57580E+03
 1.57530E+03
 1.57550E+03
 1.57750E+03
 1.57620E+03
 1.57740E+03
 1.57690E+03
 1.57790E+03
 1.57350E+03
 1.57410E+03
 1.57660E+03
 1.57730E+03
 1.57670E+03
 1.57240E+03
 1.57370E+03
 1.57290E+03
 1.57450E+03
 1.57660E+03
 1.57790E+03
 1.57730E+03
 1.57820E+03
 1.57140E+03
 1.57110E+03
 1.57610E+03
 1.57570E+03
 1.57650E+03
 1.57430E+03
 1.57810E+03
 1.57710E+03
 1.57350E+03
 1.57740E+03
 1.57640E+03
 1.57750E+03
 1.57470E+03
 1.57550E+03
 1.57320E+03
 1.57470E+03
 1.57530E+03
 1.57770E+03
 1.57530E+03
 1.57740E+03
 1.57740E+03
 1.57540E+03
 1.57170E+03
 1.57580E+03
 1.57050E+03
 1.57410E+03
 1.58230E+03
 1.57690E+03
 1.57370E+03
 1.57620E+03
 1.57350E+03
 1.57630E+03
 1.57510E+03
 1.57600E+03
 1.57500E+03
 1.57650E+03
 1.57320E+03
 1.57950E+03
 1.57660E+03
 1.57390E+03
 1.57720E+03
 1.57340E+03
 1.57430E+03
 1.57390E+03
 1.57030E+03
 1.57490E+03
 1.57900E+03
 1.57470E+03
 1.57650E+03
 1.57440E+03
 1.57510E+03
 1.57080E+03
 1.57440E+03
 1.57390E+03
 1.57530E+03
 1.57390E+03
 1.57390E+03
 1.57600E+03
 1.57400E+03
 1.57460E+03
 1.57300E+03
 1.57580E+03
 1.57310E+03
 1.57290E+03
 1.57620E+03
 1.57460E+03
 1.57420E+03
 1.57680E+03
 1.57590E+03
 1.57340E+03
 1.57070E+03
 1.57590E+03
 1.57580E+03
 1.57640E+03
 1.57610E+03
 1.57000E+03
 1.57230E+03
 1.57770E+03
 1.57750E+03
 1.57220E+03
 1.57620E+03
 1.57340E+03
 1.57650E+03
 1.57740E+03
 1.57270E+03
 1.57470E+03
 1.57530E+03
 1.57500E+03
 1.57740E+03
 1.57460E+03
 1.57540E+03
 1.57220E+03
 1.57460E+03
 1.57590E+03
 1.57360E+03
 1.57230E+03
 1.57860E+03
 1.57280E+03
 1.57400E+03
 1.57440E+03
 1.57650E+03
 1.57310E+03
 1.57150E+03
 1.57430E+03
 1.57300E+03
 1.57280E+03
 1.57370E+03
 1.57500E+03
 1.57350E+03
 1.57560E+03
 1.57370E+03
 1.57700E+03
 1.57410E+03
 1.57640E+03
 1.57370E+03
 1.57520E+03
 1.57720E+03
 1.57650E+03
 1.57200E+03
 1.57340E+03
 1.57400E+03
 1.57370E+03
 1.57690E+03
 1.57240E+03
 1.57350E+03
 1.57530E+03
 1.57080E+03
 1.57220E+03
 1.57430E+03
 1.57350E+03
 1.57370E+03
 1.57450E+03
 1.57390E+03
 1.57350E+03
 1.57560E+03
 1.57440E+03
 1.57440E+03
 1.57420E+03
 1.57460E+03
 1.57520E+03
 1.57550E+03
 1.57510E+03
 1.57250E+03
 1.57560E+03
 1.57580E+03
 1.57640E+03
 1.57480E+03
 1.57260E+03
 1.57340E+03
 1.57500E+03
 1.57430E+03
 1.57340E+03
 1.57340E+03
 1.57390E+03
 1.57540E+03
 1.57570E+03
 1.57550E+03
 1.57180E+03
 1.57690E+03
 1.57380E+03
 1.57130E+03
 1.57800E+03
 1.57660E+03
 1.57120E+03
 1.57340E+03
 1.57260E+03
 1.57300E+03
 1.57290E+03
 1.57400E+03
 1.57480E+03
 1.57320E+03
 1.57400E+03
 1.57480E+03
 1.57460E+03
 1.57320E+03
 1.57570E+03
 1.57420E+03
 1.57390E+03
 1.57420E+03
 1.57370E+03
 1.57240E+03
 1.57830E+03
 1.57690E+03
 1.57420E+03
 1.57730E+03
 1.56920E+03
 1.57170E+03
 1.57480E+03
 1.57350E+03
 1.57170E+03
 1.57350E+03
 1.57450E+03
 1.57490E+03
 1.57440E+03
 1.57260E+03
 1.57260E+03
 1.57470E+03
 1.57500E+03
 1.57170E+03
 1.57100E+03
 1.57490E+03
 1.57630E+03
 1.57490E+03
 1.57240E+03
 1.57430E+03
 1.57210E+03
 1.57330E+03
 1.57420E+03
 1.57110E+03
 1.57170E+03
 1.57190E+03
 1.57390E+03
 1.57260E+03
 1.57140E+03
 1.57110E+03
 1.57310E+03
 1.57160E+03
 1.57420E+03
 1.57140E+03
 1.57190E+03
 1.57500E+03
 1.57340E+03
 1.57370E+03
 1.57280E+03
 1.57220E+03
 1.57480E+03
 1.57420E+03
 1.57220E+03
 1.57470E+03
 1.57110E+03
 1.57500E+03
 1.57210E+03
 1.57170E+03
 1.57300E+03
 1.57120E+03
 1.57110E+03
 1.57280E+03
 1.57520E+03
 1.57210E+03
 1.57120E+03
 1.56890E+03
 1.57290E+03
 1.57360E+03
 1.57230E+03
 1.57360E+03
 1.57310E+03
 1.57350E+03
 1.57150E+03
 1.57160E+03
 1.57220E+03
 1.57230E+03
 1.57260E+03
 1.57360E+03
 1.56840E+03
 1.57460E+03
 1.56970E+03
 1.57680E+03
 1.57470E+03
 1.57240E+03
 1.57040E+03
 1.57420E+03
 1.57150E+03
 1.57420E+03
 1.57110E+03
 1.57390E+03
 1.57410E+03
 1.57400E+03
 1.57210E+03
 1.57110E+03
 1.57210E+03
 1.56940E+03
 1.57160E+03
 1.57170E+03
 1.57290E+03
 1.57090E+03
 1.57340E+03
 1.57400E+03
 1.57240E+03
 1.57350E+03
 1.57450E+03
 1.57260E+03
 1.57360E+03
 1.57150E+03
 1.57030E+03
 1.57230E+03
 1.57460E+03
 1.57130E+03
 1.57170E+03
 1.56870E+03
 1.57290E+03
 1.57230E+03
 1.57570E+03
 1.57070E+03
 1.57360E+03
 1.57290E+03
 1.57520E+03
 1.57440E+03
 1.57310E+03
 1.57140E+03
 1.57200E+03
 1.57270E+03
 1.57190E+03
 1.57050E+03
 1.56920E+03
 1.57270E+03
 1.57220E+03
 1.57150E+03
 1.57550E+03
 1.57130E+03
 1.57240E+03
 1.57350E+03
 1.57190E+03
 1.57080E+03
 1.57110E+03
 1.57240E+03
 1.57410E+03
 1.57140E+03
 1.57020E+03
 1.57020E+03
 1.57150E+03
 1.57300E+03
 1.57030E+03
 1.57330E+03
 1.57310E+03
 1.56940E+03
 1.57090E+03
 1.56960E+03
 1.57380E+03
 1.57300E+03
 1.57250E+03
 1.57260E+03
 1.57080E+03
 1.56860E+03
 1.57170E+03
 1.57210E+03
 1.57000E+03
 1.57290E+03
 1.57100E+03
 1.57110E+03
 1.57100E+03
 1.57230E+03
 1.56970E+03
 1.57090E+03
 1.56920E+03
 1.57240E+03
 1.57200E+03
 1.56980E+03
 1.57140E+03
 1.56950E+03
 1.56810E+03
 1.57200E+03
 1.57100E+03
 1.57140E+03
 1.56860E+03
 1.56960E+03
 1.56960E+03
 1.57350E+03
 1.57130E+03
 1.57090E+03
 1.56960E+03
 1.57010E+03
 1.56810E+03
 1.57150E+03
 1.57050E+03
 1.57030E+03
 1.57260E+03
 1.57030E+03
 1.57010E+03
 1.57330E+03
 1.56830E+03
 1.57320E+03
 1.56970E+03
 1.57010E+03
 1.57150E+03
 1.56960E+03
 1.57190E+03
 1.56770E+03
 1.57010E+03
 1.57100E+03
 1.57200E+03
 1.56930E+03
 1.57110E+03
 1.57040E+03
 1.56960E+03
 1.57030E+03
 1.57140E+03
 1.57020E+03
 1.57060E+03
 1.57180E+03
 1.57180E+03
 1.56790E+03
 1.57040E+03
 1.57310E+03
 1.57010E+03
 1.56990E+03
 1.57080E+03
 1.57120E+03
 1.56770E+03
 1.57010E+03
 1.56920E+03
 1.56800E+03
 1.56900E+03
 1.56880E+03
 1.56870E+03
 1.56840E+03
 1.56970E+03
 1.56770E+03
 1.56890E+03
 1.57060E+03
 1.57250E+03
 1.56950E+03
 1.56970E+03
 1.56760E+03
 1.57170E+03
 1.57090E+03
 1.57000E+03
 1.57210E+03
 1.56930E+03
 1.56910E+03
 1.57080E+03
 1.56830E+03
 1.57090E+03
 1.56860E+03
 1.57180E+03
 1.56690E+03
 1.56870E+03
 1.56880E+03
 1.56940E+03
 1.56760E+03
 1.57100E+03
 1.57090E+03
 1.56840E+03
 1.57060E+03
 1.56970E+03
 1.57020E+03
 1.56920E+03
 1.56630E+03
 1.56950E+03
 1.56780E+03
 1.56910E+03
 1.56760E+03
 1.56740E+03
 1.57090E+03
 1.56970E+03
 1.56740E+03
 1.56940E+03
 1.56890E+03
 1.57050E+03
 1.56810E+03
 1.57130E+03
 1.56830E+03
 1.56980E+03
 1.57050E+03
 1.56960E+03
 1.56840E+03
 1.56930E+03
 1.56690E+03
 1.56740E+03
 1.56780E+03
 1.56640E+03
 1.56810E+03
 1.56790E+03
 1.56740E+03
 1.56640E+03
 1.56800E+03
 1.56970E+03
 1.56800E+03
 1.57010E+03
 1.56640E+03
 1.56630E+03
 1.56810E+03
 1.56850E+03
 1.56740E+03
 1.56600E+03
 1.57020E+03
 1.56860E+03
 1.57140E+03
 1.56750E+03
 1.56660E+03
 1.57000E+03
 1.56840E+03
 1.56450E+03
 1.57030E+03
 1.56500E+03
 1.56730E+03
 1.56950E+03
 1.56720E+03
 1.56910E+03
 1.56710E+03
 1.56780E+03
 1.57140E+03
 1.56760E+03
 1.56580E+03
 1.56740E+03
 1.56700E+03
 1.57150E+03
 1.56970E+03
 1.56780E+03
 1.56800E+03
 1.56880E+03
 1.56690E+03
 1.56820E+03
 1.56740E+03
 1.56820E+03
 1.56840E+03
 1.56900E+03
 1.56530E+03
 1.56960E+03
 1.56600E+03
 1.56750E+03
 1.56840E+03
 1.56510E+03
 1.56890E+03
 1.56880E+03
 1.56570E+03
 1.56760E+03
 1.56900E+03
 1.56460E+03
 1.56950E+03
 1.56730E+03
 1.56780E+03
 1.56450E+03
 1.56820E+03
 1.56750E+03
 1.56790E+03
 1.56600E+03
 1.56880E+03
 1.56960E+03
 1.56660E+03
 1.56700E+03
 1.56770E+03
 1.56530E+03
 1.56700E+03
 1.56750E+03
 1.57000E+03
 1.56630E+03
 1.56860E+03
 1.56300E+03
 1.56780E+03
 1.56640E+03
 1.56780E+03
 1.56700E+03
 1.56680E+03
 1.56790E+03
 1.56820E+03
 1.56680E+03
 1.56710E+03
 1.56490E+03
 1.56750E+03
 1.56680E+03
 1.56920E+03
 1.56750E+03
 1.56700E+03
 1.56790E+03
 1.56590E+03
 1.56470E+03
 1.56710E+03
 1.56590E+03
 1.56820E+03
 1.56800E+03
 1.56540E+03
 1.56540E+03
 1.56820E+03
 1.56510E+03
 1.56700E+03
 1.56710E+03
 1.56700E+03
 1.56720E+03
